ts,target_x,target_y,target_theta,actual_x,actual_y,actual_theta,target_vx,target_vy,target_vz,actual_vx,actual_vy,actual_vz,target_qw,target_qx,target_qy,target_qz,actual_qw,actual_qx,actual_qy,actual_qz,xerror,yerror,thetaerror,ul,ur,dutyl,dutyr
0,0.5890702,0.098662935,1.5016587,0.5890702,0.098662935,3.0724552,0.23561947,0,0,0,0,0,0.06908258,0,0,0.9976109,-0.9976109,0,0,0.06908242,0,-0,-1.5707965,-0.94236225,0.9423575,0,0
99,0.5897758,0.121972695,1.5794132,0.5890742,0.098673075,3.0724552,0.23561947,0,0,0,0,0,-0.008616742,0,0,0.99996287,-0.9976109,0,0,0.06908242,0.0009096639,-0.023292422,-1.493042,0.27624476,2.1365814,0,0
199,0.5886482,0.14550158,1.657953,0.5890765,0.098675735,3.0724552,0.23561947,0,0,0,0,0,-0.08704639,0,0,0.99620426,-0.9976109,0,0,0.06908242,0.0036621385,-0.046684388,-1.4145021,1.6174405,3.4706292,0,0
299,0.58567804,0.1688695,1.7364929,0.5890795,0.09867386,3.0724552,0.23561947,0,0,0,0,0,-0.16493937,0,0,0.9863037,-0.9976109,0,0,0.06908242,0.008242616,-0.06979295,-1.3359623,3.0613692,4.9250293,0,0
399,0.5808836,0.19193228,1.8150322,0.58908635,0.09867646,3.0724552,0.23561947,0,0,0,0,0,-0.24181499,0,0,0.9703224,-0.9976109,0,0,0.06908242,0.014625472,-0.09246636,-1.2574229,4.5992966,6.4909925,0,0
499,0.5742945,0.21454784,1.8935721,0.5890841,0.09871742,3.0762446,0.23561947,0,0,0,0,0,-0.3172002,0,0,0.9483586,-0.99786556,0,0,0.06530156,0.02232192,-0.11461741,-1.1826725,6.141315,8.074294,0,0
599,0.5659512,0.2365767,1.9721119,0.58904344,0.09911609,3.0876977,0.23561947,0,0,0,0,0,-0.39062977,0,0,0.9205479,-0.99854803,0,0,0.053868823,0.030463522,-0.13601708,-1.1155858,7.578599,9.558939,0,0
699,0.5559054,0.25788307,2.0506518,0.5891813,0.101128146,3.0838025,0.23561947,0,0,0,0,0,-0.46165097,0,0,0.88706166,-0.9983306,0,0,0.05775803,0.042274207,-0.15457128,-1.0331507,9.415331,11.480412,0,0
799,0.5442188,0.27833557,2.1291916,0.5889817,0.10379944,-3.141455,0.23561947,0,0,0,0,0,-0.5298259,0,0,0.8481064,-1,0,0,-0.00013771851,0.044738874,-0.17454231,-1.0125388,9.842805,11.910011,0,0
899,0.5309636,0.29780808,2.2077315,0.5888947,0.10982303,-3.0989993,0.23561947,0,0,0,0,0,-0.5947344,0,0,0.8039223,-0.99909306,0,0,-0.042580515,0.049874082,-0.19028129,-0.97645456,10.624714,12.72526,0,0
999,0.5162214,0.31618056,2.2862713,0.5884759,0.12091086,-3.0385516,0.23561947,0,0,0,0,0,-0.655976,0,0,0.7547817,-0.99469596,0,0,-0.10285884,0.05178602,-0.201666,-0.9583624,10.969075,13.082549,0,0
1099,0.5000832,0.33333972,2.3648112,0.587331,0.13453934,-2.9869406,0.23561947,0,0,0,0,0,-0.7131734,0,0,0.7009877,-0.9880652,0,0,-0.1540363,0.05558403,-0.20986706,-0.93143356,11.535062,13.681542,0,0
1200,0.4824679,0.3493313,2.4441369,0.5863194,0.1482206,-2.9688418,0.23561947,0,0,0,0,0,-0.7664787,0,0,0.6422697,-0.98511565,0,0,-0.17189291,0.06773623,-0.21596862,-0.87020665,13.027733,15.273056,0,0
1299,0.4640246,0.3636033,2.5218909,0.584246,0.16286875,-2.9187062,0.23561947,0,0,0,0,0,-0.8140517,0,0,0.5807924,-0.9752635,0,0,-0.22104561,0.07287602,-0.22234347,-0.84258825,13.66728,15.954745,0,0
1399,0.44432658,0.37652093,2.6004307,0.5815471,0.1786445,-2.8800633,0.23561947,0,0,0,0,0,-0.85711074,0,0,0.51513225,-0.96599567,0,0,-0.2585582,0.08139183,-0.22662728,-0.8026913,14.6480055,17.006144,0,0
1500,0.42346483,0.3879584,2.679756,0.5777026,0.19681743,-2.824838,0.23561947,0,0,0,0,0,-0.8952356,0,0,0.44559315,-0.9502513,0,0,-0.3114844,0.087027185,-0.22967462,-0.77859145,15.265887,17.667637,0,0
1600,0.40198097,0.39761874,2.7582958,0.5715972,0.21583587,-2.757254,0.23561947,0,0,0,0,0,-0.9274367,0,0,0.37398013,-0.92704654,0,0,-0.37494624,0.08908336,-0.23211816,-0.76763564,15.510564,17.93103,0,0
1700,0.37980533,0.4055637,2.8368356,0.5641302,0.23481128,-2.681453,0.23561947,0,0,0,0,0,-0.9539199,0,0,0.3000614,-0.8959905,0,0,-0.44407326,0.08932673,-0.2348463,-0.76489663,15.554407,17.976595,0,0
1799,0.3573044,0.41169134,2.9145901,0.5548287,0.25373706,-2.6684248,0.23561947,0,0,0,0,0,-0.9743454,0,0,0.22505797,-0.89012915,0,0,-0.45570832,0.10384106,-0.23061317,-0.7001704,17.11859,19.682785,0,0
1899,0.33416235,0.41608763,2.99313,0.5440669,0.2744122,-2.6361668,0.23561947,0,0,0,0,0,-0.98899966,0,0,0.1479179,-0.87496835,0,0,-0.4841801,0.11506342,-0.2255931,-0.6538886,18.262537,20.9358,0,0
1999,0.31074676,0.41865465,3.0716698,0.532949,0.2953213,-2.5980904,0.23561947,0,0,0,0,0,-0.9975564,0,0,0.069865875,-0.8559028,0,0,-0.51713675,0.12640327,-0.22047031,-0.6134251,19.34523,22.117916,0,0
2099,0.2872019,0.41937658,-3.1329758,0.5226273,0.31420174,-2.57249,0.23561947,0,0,0,0,0,-0.99996287,0,0,-0.008616731,-0.8423849,0,0,-0.53887635,0.14164254,-0.21546286,-0.56048584,20.7588,23.663168,0,0
2199,0.26367304,0.418249,-3.054436,0.50769925,0.3387294,-2.5441792,0.23561947,0,0,0,0,0,-0.99620426,0,0,-0.087046385,-0.8267933,0,0,-0.56250584,0.157029,-0.20301244,-0.51025677,22.12408,25.168165,0,0
2299,0.24030513,0.41527885,-2.9758961,0.49359348,0.36088002,-2.509928,0.23561947,0,0,0,0,0,-0.9863037,0,0,-0.16493936,-0.80704564,0,0,-0.59048903,0.17229335,-0.19346634,-0.4659681,23.417301,26.585455,0,0
2400,0.21701372,0.41042733,-2.8965714,0.4772511,0.38485748,-2.5192225,0.23561947,0,0,0,0,0,-0.9701322,0,0,-0.24257694,-0.81249905,0,0,-0.5829626,0.19653636,-0.17248414,-0.3773489,25.48886,28.915188,0,0
2500,0.19440332,0.40382046,-2.8180315,0.45831224,0.41305503,-2.4697716,0.23561947,0,0,0,0,0,-0.9481092,0,0,-0.31794488,-0.7826895,0,0,-0.6224123,0.21230647,-0.15703236,-0.34825993,26.675714,30.200768,0,0
2599,0.17259794,0.39555207,-2.740277,0.4402555,0.43772012,-2.4210017,0.23561947,0,0,0,0,0,-0.9205479,0,0,-0.39062977,-0.7514159,0,0,-0.65982884,0.22894584,-0.14492244,-0.3192754,27.912231,31.531816,0,0
2699,0.15129158,0.3855062,-2.6617372,0.42039585,0.4621483,-2.3754742,0.23561947,0,0,0,0,0,-0.88706166,0,0,-0.46165097,-0.72060734,0,0,-0.6933434,0.2470578,-0.13135281,-0.286263,29.248243,32.97609,0,0
2800,0.13063931,0.37369472,-2.582412,0.3929931,0.49139488,-2.3218224,0.23561947,0,0,0,0,0,-0.84769005,0,0,-0.5304918,-0.6823892,0,0,-0.7309891,0.2650649,-0.11146043,-0.26058957,30.53932,34.36517,0,0
2899,0.11136654,0.36056438,-2.5046575,0.36532623,0.51628584,-2.224415,0.23561947,0,0,0,0,0,-0.8039223,0,0,-0.5947343,-0.6080633,0,0,-0.79388857,0.27804905,-0.10692719,-0.28024247,31.378235,35.15695,0,0
2999,0.092994064,0.3458222,-2.4261177,0.33162603,0.541447,-2.1604846,0.23561947,0,0,0,0,0,-0.7547817,0,0,-0.655976,-0.5561019,0,0,-0.8311141,0.29529023,-0.08954306,-0.26563314,32.58939,36.43245,0,0
3099,0.07583487,0.329684,-2.3475778,0.29700577,0.56380236,-2.123006,0.23561947,0,0,0,0,0,-0.7009877,0,0,-0.7131734,-0.52456987,0,0,-0.8513674,0.31534034,-0.06548626,-0.2245717,34.04125,38.030922,0,0
3199,0.059994817,0.31224927,-2.2690384,0.26265937,0.58357626,-2.0742896,0.23561947,0,0,0,0,0,-0.6428722,0,0,-0.76597345,-0.48248821,0,0,-0.8759025,0.33543923,-0.04660231,-0.19474888,35.459866,39.5587,0,0
3299,0.045571327,0.29362532,-2.1904976,0.22613356,0.60115063,-2.0171702,0.23561947,0,0,0,0,0,-0.580792,0,0,-0.814052,-0.43169755,0,0,-0.9020184,0.35534176,-0.030112535,-0.17332745,36.84447,41.026146,0,0
3400,0.032532394,0.27372542,-2.111173,0.18292049,0.61980516,-1.963548,0.23561947,0,0,0,0,0,-0.51445895,0,0,-0.857515,-0.38273197,0,0,-0.9238594,0.37728736,-0.0064816773,-0.14762495,38.36115,42.647953,0,0
3499,0.021321237,0.25327644,-2.033418,0.13670532,0.63584656,-1.876467,0.23561947,0,0,0,0,0,-0.44629568,0,0,-0.89488554,-0.30093282,0,0,-0.95364535,0.39955908,0.005092405,-0.15695095,39.876343,44.153446,0,0
3599,0.011644065,0.23180026,-1.954879,0.08869295,0.6486801,-1.8260996,0.23561947,0,0,0,0,0,-0.37470883,0,0,-0.92714256,-0.2525389,0,0,-0.96758676,0.42282525,0.030726895,-0.1287794,41.47742,45.86959,0,0
3700,0.003610909,0.20940617,-1.8755534,0.039651096,0.65965694,-1.7869923,0.23561947,0,0,0,0,0,-0.30006143,0,0,-0.9539199,-0.21451573,0,0,-0.9767205,0.44750038,0.06138469,-0.08856106,43.15989,47.708416,0,0
3799,-0.002516687,0.18690513,-1.7977993,-0.016384644,0.6701375,-1.7370474,0.23561947,0,0,0,0,0,-0.22505845,0,0,-0.97434527,-0.16548632,0,0,-0.9862121,0.47427464,0.093645096,-0.06075191,44.969166,49.641693,0,0
3899,-0.0069130063,0.1637631,-1.7192595,-0.07866091,0.6772393,-1.6376088,0.23561947,0,0,0,0,0,-0.14791839,0,0,-0.98899955,-0.066762745,0,0,-0.9977689,0.5075405,0.105868906,-0.081650734,47.25513,51.886,0,0
3999,-0.00948,0.1403475,-1.6407197,-0.1263842,0.6800058,-1.5704277,0.23561947,0,0,0,0,0,-0.06986636,0,0,-0.9975564,0.00036867062,0,0,-0.99999994,0.53970134,0.11670524,-0.070292,49.45521,54.133423,0,0
4099,-0.010201991,0.11680266,-1.5621798,-0.17362177,0.67967916,-1.534621,0.23561947,0,0,0,0,0,0.008616417,0,0,-0.99996287,0.036167435,0,0,-0.9993457,0.5684186,0.14295506,-0.027558804,51.381416,56.21739,0,0
4200,-0.009053767,0.093039066,-1.4828541,-0.22074166,0.6781686,-1.5155613,0.23561947,0,0,0,0,0,0.08782889,0,0,-0.9961356,0.055206902,0,0,-0.99847496,0.5959238,0.17906187,0.032707214,53.159416,58.216774,0,0
4299,-0.006104231,0.06990601,-1.4051001,-0.26354748,0.675149,-1.4597509,0.23561947,0,0,0,0,0,0.16493906,0,0,-0.98630375,0.11081736,0,0,-0.9938408,0.6300444,0.18878618,0.05465078,55.45324,60.586323,0,0
4399,-0.0013097525,0.04684305,-1.3265603,-0.31549639,0.6672375,-1.3684609,0.23561947,0,0,0,0,0,0.24181513,0,0,-0.9703223,0.20095767,0,0,-0.97959995,0.6708766,0.18310417,0.041900635,58.291534,63.38058,0,0
4500,0.005354166,0.02400408,-1.2472346,-0.36730897,0.65520793,-1.2790387,0.23561947,0,0,0,0,0,0.31794548,0,0,-0.948109,0.28763604,0,0,-0.9577398,0.71172035,0.17535734,0.031804085,61.124756,66.174324,0,0
4599,0.013622522,0.0021987483,-1.1694806,-0.42439643,0.6352448,-1.1639102,0.23561947,0,0,0,0,0,0.39062992,0,0,-0.92054784,0.39575166,0,0,-0.91835755,0.75470936,0.15172899,-0.005570411,64.15699,69.06752,0,0
4700,0.023777246,-0.019316562,-1.0901558,-0.47720698,0.6113541,-1.1349027,0.23561947,0,0,0,0,0,0.46234718,0,0,-0.88669896,0.42222062,0,0,-0.9064931,0.78322446,0.18785655,0.04474688,66.006256,71.110054,0,0
4799,0.035354972,-0.039560087,-1.0124009,-0.5482526,0.574798,-1.0328019,0.23561947,0,0,0,0,0,0.52982605,0,0,-0.8481063,0.5124148,0,0,-0.85873806,0.8266218,0.18635988,0.020401,69.03695,74.06985,0,0
4900,0.04875052,-0.05922211,-0.9330752,-0.6365253,0.5191648,-0.8582022,0.23561947,0,0,0,0,0,0.595366,0,0,-0.8034546,0.6537988,0,0,-0.7566684,0.8856796,0.14037788,-0.07487296,73.22605,77.924805,0,0
4999,0.063352406,-0.07740512,-0.85532117,-0.7223103,0.43922907,-0.60044026,0.23561947,0,0,0,0,0,0.6559761,0,0,-0.75478166,0.82508695,0,0,-0.5650058,0.9401413,0.017635882,-0.2548809,76.87321,80.89715,0,0
5100,0.07965881,-0.094729535,-0.7759955,-0.7845352,0.33608156,-0.33379388,0.23561947,0,0,0,0,0,0.71372414,0,0,-0.70042694,0.94480616,0,0,-0.32762986,0.95764244,-0.123897225,-0.44220164,77.4842,80.81108,0,0
5199,0.09692538,-0.11040447,-0.6982415,-0.8219266,0.21464464,-0.10676217,0.23561947,0,0,0,0,0,0.76597387,0,0,-0.6428717,0.9943063,0,0,-0.10655947,0.9482574,-0.225286,-0.5914793,76.008675,78.825676,0,0
5299,0.11554921,-0.124827825,-0.6197016,-0.83896315,0.08884393,0.027213097,0.23561947,0,0,0,0,0,0.8140518,0,0,-0.5807923,0.99962974,0,0,0.027209738,0.948345,-0.23956466,-0.6469147,75.61486,78.28406,0,0
5399,0.13524726,-0.13774553,-0.5411618,-0.84008193,-0.043318275,0.11398482,0.23561947,0,0,0,0,0,0.8571108,0,0,-0.5151321,0.9935108,0,0,0.11373816,0.95826006,-0.20474663,-0.6551466,76.2077,78.907616,0,0
5499,0.15589812,-0.14907792,-0.46262193,-0.8274797,-0.18136752,0.1907494,0.23561947,0,0,0,0,0,0.8948854,0,0,-0.44629598,0.9818624,0,0,0.18959476,0.97166365,-0.15473935,-0.65337133,77.10777,79.882355,0,0
5599,0.17737442,-0.15875512,-0.38408208,-0.8040866,-0.32121655,0.26155448,0.23561947,0,0,0,0,0,0.9271428,0,0,-0.37470827,0.9659892,0,0,0.25858247,0.99009037,-0.096852645,-0.64563656,78.393875,81.26769,0,0
5699,0.19954377,-0.1667175,-0.30554223,-0.7725204,-0.4568515,0.29276443,0.23561947,0,0,0,0,0,0.953684,0,0,-0.30081034,0.95744973,0,0,0.28860012,1.0144353,-0.0027491152,-0.59830666,80.35277,83.468346,0,0
5799,0.22226956,-0.1729159,-0.22700238,-0.7327662,-0.5901361,0.34064794,0.23561947,0,0,0,0,0,0.9743454,0,0,-0.22505783,0.9425384,0,0,0.33409786,1.0395503,0.07417062,-0.5676503,82.237404,85.534065,0,0
5899,0.24541155,-0.1773122,-0.14846253,-0.6820482,-0.72186106,0.39431596,0.23561947,0,0,0,0,0,0.98899966,0,0,-0.14791775,0.92325956,0,0,0.38417673,1.065489,0.1464515,-0.5427785,84.132805,87.59138,0,0
6000,0.26906204,-0.17989558,-0.06913781,-0.6243443,-0.84677076,0.46331525,0.23561947,0,0,0,0,0,0.9976109,0,0,-0.069082744,0.8945758,0,0,0.4469163,1.0972571,0.1972925,-0.53245306,86.34625,89.90177,0,0
6099,0.29237202,-0.18060115,0.008617163,-0.5588535,-0.967603,0.5371752,0.23561947,0,0,0,0,0,0.99996287,0,0,0.008617056,0.8591576,0,0,0.51171106,1.1340544,0.2405771,-0.528558,88.86974,92.49594,0,0
6199,0.3159009,-0.17947358,0.08715701,-0.491633,-1.0820396,0.5564296,0.23561947,0,0,0,0,0,0.99620426,0,0,0.087046705,0.84914625,0,0,0.5281578,1.1624117,0.33990523,-0.4692726,91.0932,95.00696,0,0
6299,0.3392688,-0.17650342,0.16569686,-0.41692144,-1.193947,0.6656718,0.23561947,0,0,0,0,0,0.9863036,0,0,0.16493969,0.78650206,0,0,0.6175877,1.2231058,0.33320767,-0.49997494,95.098434,98.92591,0,0
6399,0.36233163,-0.17170897,0.24423671,-0.32852608,-1.2993345,0.79216695,0.23561947,0,0,0,0,0,0.9703222,0,0,0.24181576,0.70230436,0,0,0.7118768,1.2879229,0.3001308,-0.54793024,99.28338,102.94674,0,0
6499,0.38494718,-0.1651198,0.32277656,-0.22123487,-1.3983991,0.9375675,0.23561947,0,0,0,0,0,0.94835836,0,0,0.31720096,0.5917507,0,0,0.80612105,1.3528811,0.2411378,-0.6147909,103.32931,106.75135,0,0
6599,0.40697604,-0.15677658,0.4013164,-0.09146492,-1.4896367,1.0415523,0.23561947,0,0,0,0,0,0.92054754,0,0,0.39063048,0.5048809,0,0,0.863189,1.4021635,0.24268684,-0.6402359,106.5255,109.891495,0,0
6699,0.4282824,-0.14673069,0.47985625,0.057186585,-1.5778633,1.093159,0.23561947,0,0,0,0,0,0.8870613,0,0,0.46165165,0.45968226,0,0,0.88808346,1.4415514,0.32830223,-0.6133027,109.3747,112.923386,0,0
6799,0.44873464,-0.13504425,0.55839515,0.21842507,-1.6594771,1.1751883,0.23561947,0,0,0,0,0,0.8481065,0,0,0.5298258,0.38536933,0,0,0.9227624,1.4954437,0.37494868,-0.61679316,113.021194,116.627754,0,0
6899,0.4682074,-0.12178887,0.63693595,0.3953959,-1.7327101,1.2760041,0.23561947,0,0,0,0,0,0.8039218,0,0,0.59473497,0.29054108,0,0,0.9568625,1.5625849,0.3983682,-0.6390681,117.453384,121.04209,0,0
7000,0.48675755,-0.106892146,0.7162607,0.58615863,-1.793891,1.3539741,0.23561947,0,0,0,0,0,0.75426614,0,0,0.6565688,0.21512735,0,0,0.976586,1.6261156,0.4599933,-0.63771343,121.78792,125.466805,0,0
7099,0.5037389,-0.09090867,0.7940147,0.784732,-1.8472095,1.4072545,0.23561947,0,0,0,0,0,0.7009878,0,0,0.7131733,0.16281383,0,0,0.9866568,1.6871165,0.5631938,-0.61323977,126.09174,129.9726,0,0
