ts,target_x,target_y,target_theta,actual_x,actual_y,actual_theta,target_vx,target_vy,target_vz,actual_vx,actual_vy,actual_vz,target_qw,target_qx,target_qy,target_qz,actual_qw,actual_qx,actual_qy,actual_qz,xerror,yerror,thetaerror,ul,ur,dutyl,dutyr
0,0,0,0,0,0,0,0.1,0,0,0,0,0,1,0,0,0,1,0,0,0,0,0,0,6.25,6.25,0,0
99,0,0,0,0,0,0,0.1,0,0,0,0,0,1,0,0,0,1,0,0,0,0,0,0,6.25,6.25,0,0
199,0.01,0,0,0,0,0,0.1,0,0,0,0,0,1,0,0,0,1,0,0,0,0.01,0,0,8.75,8.75,0,0
299,0.02,0,0,0,0,0,0.1,0,0,0,0,0,1,0,0,0,1,0,0,0,0.02,0,0,11.25,11.25,0,0
399,0.03,0,0,0,0,0,0.1,0,0,0,0,0,1,0,0,0,1,0,0,0,0.03,0,0,13.749999,13.749999,0,0
499,0.04,0,0,0,0,0,0.1,0,0,0,0,0,1,0,0,0,1,0,0,0,0.04,0,0,16.249998,16.249998,0,0
599,0.05,0,0,0,0,0,0.1,0,0,0,0,0,1,0,0,0,1,0,0,0,0.05,0,0,18.75,18.75,0,0
699,0.06,0,0,0,0,0,0.1,0,0,0,0,0,1,0,0,0,1,0,0,0,0.06,0,0,21.25,21.25,0,0
799,0.07,0,0,0,0,0,0.1,0,0,0,0,0,1,0,0,0,1,0,0,0,0.07,0,0,23.749998,23.749998,0,0
899,0.08,0,0,0,0,0,0.1,0,0,0,0,0,1,0,0,0,1,0,0,0,0.08,0,0,26.249998,26.249998,0,0
999,0.09,0,0,0,0,0,0.1,0,0,0,0,0,1,0,0,0,1,0,0,0,0.09,0,0,28.75,28.75,0,0
1099,0.1,0,0,0,0,0,0.1,0,0,0,0,0,1,0,0,0,1,0,0,0,0.1,0,0,31.249998,31.249998,0,0
1199,0.11,0,0,0,0,0,0.1,0,0,0,0,0,1,0,0,0,1,0,0,0,0.11,0,0,33.75,33.75,0,0
1299,0.12,0,0,0,0,0,0.1,0,0,0,0,0,1,0,0,0,1,0,0,0,0.12,0,0,36.249996,36.249996,0,0
1399,0.13,0,0,0,0,0,0.1,0,0,0,0,0,1,0,0,0,1,0,0,0,0.13,0,0,38.75,38.75,0,0
1499,0.14,0,0,0,0,0,0.1,0,0,0,0,0,1,0,0,0,1,0,0,0,0.14,0,0,41.25,41.25,0,0
1599,0.15,0,0,0,0,0,0.1,0,0,0,0,0,1,0,0,0,1,0,0,0,0.15,0,0,43.75,43.75,0,0
1699,0.16,0,0,0,0,0,0.1,0,0,0,0,0,1,0,0,0,1,0,0,0,0.16,0,0,46.25,46.25,0,0
1799,0.17,0,0,0,0,0,0.1,0,0,0,0,0,1,0,0,0,1,0,0,0,0.17,0,0,48.75,48.75,0,0
1899,0.18,0,0,0,0,0,0.1,0,0,0,0,0,1,0,0,0,1,0,0,0,0.18,0,0,51.25,51.25,0,0
1999,0.19,0,0,0,0,0,0.1,0,0,0,0,0,1,0,0,0,1,0,0,0,0.19,0,0,53.75,53.75,0,0
2099,0.2,0,0,0,0,0,0.1,0,0,0,0,0,1,0,0,0,1,0,0,0,0.2,0,0,56.25,56.25,0,0
2199,0.21,0,0,0,0,0,0.1,0,0,0,0,0,1,0,0,0,1,0,0,0,0.21,0,0,58.749996,58.749996,0,0
2299,0.22,0,0,0,0,0,0.1,0,0,0,0,0,1,0,0,0,1,0,0,0,0.22,0,0,61.25,61.25,0,0
2399,0.23,0,0,0,0,0,0.1,0,0,0,0,0,1,0,0,0,1,0,0,0,0.23,0,0,63.749996,63.749996,0,0
2499,0.24,0,0,0,0,0,0.1,0,0,0,0,0,1,0,0,0,1,0,0,0,0.24,0,0,66.24999,66.24999,0,0
2599,0.25,0,0,0,0,0,0.1,0,0,0,0,0,1,0,0,0,1,0,0,0,0.25,0,0,68.75,68.75,0,0
2699,0.26,0,0,0,0,0,0.1,0,0,0,0,0,1,0,0,0,1,0,0,0,0.26,0,0,71.24999,71.24999,0,0
2799,0.27,0,0,0,0,0,0.1,0,0,0,0,0,1,0,0,0,1,0,0,0,0.27,0,0,73.75,73.75,0,0
2899,0.28,0,0,0,0,0,0.1,0,0,0,0,0,1,0,0,0,1,0,0,0,0.28,0,0,76.25,76.25,0,0
2999,0.29,0,0,0,0,0,0.1,0,0,0,0,0,1,0,0,0,1,0,0,0,0.29,0,0,78.74999,78.74999,0,0
3099,0.3,0,0,0,0,0,0.1,0,0,0,0,0,1,0,0,0,1,0,0,0,0.3,0,0,81.25,81.25,0,0
3199,0.31,0,0,0,0,0,0.1,0,0,0,0,0,1,0,0,0,1,0,0,0,0.31,0,0,83.75,83.75,0,0
3299,0.32,0,0,0,0,0,0.1,0,0,0,0,0,1,0,0,0,1,0,0,0,0.32,0,0,86.24999,86.24999,0,0
3399,0.33,0,0,0,0,0,0.1,0,0,0,0,0,1,0,0,0,1,0,0,0,0.33,0,0,88.75,88.75,0,0
3499,0.34,0,0,0,0,0,0.1,0,0,0,0,0,1,0,0,0,1,0,0,0,0.34,0,0,91.25,91.25,0,0
3599,0.35,0,0,0,0,0,0.1,0,0,0,0,0,1,0,0,0,1,0,0,0,0.35,0,0,93.74999,93.74999,0,0
3699,0.36,0,0,0,0,0,0.1,0,0,0,0,0,1,0,0,0,1,0,0,0,0.36,0,0,96.25,96.25,0,0
3799,0.37,0,0,0,0,0,0.1,0,0,0,0,0,1,0,0,0,1,0,0,0,0.37,0,0,98.75,98.75,0,0
3899,0.38,0,0,0,0,0,0.1,0,0,0,0,0,1,0,0,0,1,0,0,0,0.38,0,0,101.24999,101.24999,0,0
3999,0.39,0,0,0,0,0,0.1,0,0,0,0,0,1,0,0,0,1,0,0,0,0.39,0,0,103.74999,103.74999,0,0
4099,0.4,0,0,0,0,0,0.1,0,0,0,0,0,1,0,0,0,1,0,0,0,0.4,0,0,106.25,106.25,0,0
