ts,target_x,target_y,target_theta,actual_x,actual_y,actual_theta,target_vx,target_vy,target_vz,actual_vx,actual_vy,actual_vz,target_qw,target_qx,target_qy,target_qz,actual_qw,actual_qx,actual_qy,actual_qz,xerror,yerror,thetaerror,ul,ur,dutyl,dutyr
0,0.124863274,-3.2161531,0,0.124863274,-3.2161531,-1.2578199,0.1,0,0,0,0,0,1,0,0,0,0.30789185,0,0,-0.9514214,0,0,1.2578199,0.7827611,3.0658867,0,0
99,0.124863274,-3.2161531,0,0.124863274,-3.2161531,-1.2578199,0.1,0,0,0,0,0,1,0,0,0,0.30789185,0,0,-0.9514214,0,0,1.2578199,0.7827611,3.0658867,0,0
199,0.13486327,-3.2161531,0,0.124863274,-3.2161531,-1.2578199,0.1,0,0,0,0,0,1,0,0,0,0.30789185,0,0,-0.9514214,0.0030789177,0.009514212,1.2578199,1.5296593,3.8584476,0,0
299,0.14486328,-3.2161531,0,0.124863274,-3.2161531,-1.2578199,0.1,0,0,0,0,0,1,0,0,0,0.30789185,0,0,-0.9514214,0.006157838,0.01902843,1.2578199,2.276558,4.651009,0,0
399,0.15486327,-3.2161531,0,0.124863274,-3.2161531,-1.2578199,0.1,0,0,0,0,0,1,0,0,0,0.30789185,0,0,-0.9514214,0.009236753,0.028542636,1.2578199,3.0234551,5.4435687,0,0
499,0.16486327,-3.2161531,0,0.124863274,-3.2161531,-1.2578199,0.1,0,0,0,0,0,1,0,0,0,0.30789185,0,0,-0.9514214,0.012315674,0.038056854,1.2578199,3.7703545,6.2361307,0,0
599,0.17486328,-3.2161531,0,0.124863274,-3.2161531,-1.2578199,0.1,0,0,0,0,0,1,0,0,0,0.30789185,0,0,-0.9514214,0.015394594,0.047571074,1.2578199,4.5172534,7.0286913,0,0
699,0.18486327,-3.2161531,0,0.124863274,-3.2161531,-1.2578199,0.1,0,0,0,0,0,1,0,0,0,0.30789185,0,0,-0.9514214,0.01847351,0.05708528,1.2578199,5.2641506,7.8212514,0,0
799,0.19486327,-3.2161531,0,0.124863274,-3.2161531,-1.2578199,0.1,0,0,0,0,0,1,0,0,0,0.30789185,0,0,-0.9514214,0.021552429,0.066599496,1.2578199,6.011049,8.613812,0,0
899,0.20486328,-3.2161531,0,0.124863274,-3.2161531,-1.2578199,0.1,0,0,0,0,0,1,0,0,0,0.30789185,0,0,-0.9514214,0.02463135,0.076113716,1.2578199,6.7579484,9.406374,0,0
999,0.21486327,-3.2161531,0,0.124863274,-3.2161531,-1.2578199,0.1,0,0,0,0,0,1,0,0,0,0.30789185,0,0,-0.9514214,0.027710265,0.08562792,1.2578199,7.5048456,10.198935,0,0
1099,0.22486328,-3.2161531,0,0.124863274,-3.2161531,-1.2578199,0.1,0,0,0,0,0,1,0,0,0,0.30789185,0,0,-0.9514214,0.030789185,0.09514214,1.2578199,8.251744,10.991495,0,0
1199,0.23486328,-3.2161531,0,0.124863274,-3.2161531,-1.2578199,0.1,0,0,0,0,0,1,0,0,0,0.30789185,0,0,-0.9514214,0.033868104,0.10465636,1.2578199,8.998643,11.784056,0,0
1299,0.24486327,-3.2161531,0,0.124863274,-3.2161531,-1.2578199,0.1,0,0,0,0,0,1,0,0,0,0.30789185,0,0,-0.9514214,0.03694702,0.114170566,1.2578199,9.745541,12.576615,0,0
1399,0.25486326,-3.2161531,0,0.124863274,-3.2161531,-1.2578199,0.1,0,0,0,0,0,1,0,0,0,0.30789185,0,0,-0.9514214,0.04002594,0.12368477,1.2578199,10.492439,13.369177,0,0
1499,0.26486328,-3.2161531,0,0.124863274,-3.2161531,-1.2578199,0.1,0,0,0,0,0,1,0,0,0,0.30789185,0,0,-0.9514214,0.043104865,0.133199,1.2578199,11.239339,14.161739,0,0
1599,0.27486327,-3.2161531,0,0.124863274,-3.2161531,-1.2578199,0.1,0,0,0,0,0,1,0,0,0,0.30789185,0,0,-0.9514214,0.04618378,0.14271322,1.2578199,11.986237,14.9543,0,0
1699,0.28486326,-3.2161531,0,0.124863274,-3.2161531,-1.2578199,0.1,0,0,0,0,0,1,0,0,0,0.30789185,0,0,-0.9514214,0.049262695,0.15222742,1.2578199,12.733134,15.7468605,0,0
1799,0.29486328,-3.2161531,0,0.124863274,-3.2161531,-1.2578199,0.1,0,0,0,0,0,1,0,0,0,0.30789185,0,0,-0.9514214,0.052341618,0.16174164,1.2578199,13.480033,16.539421,0,0
1899,0.30486327,-3.2161531,0,0.124863274,-3.2161531,-1.2578199,0.1,0,0,0,0,0,1,0,0,0,0.30789185,0,0,-0.9514214,0.055420533,0.17125586,1.2578199,14.226932,17.331984,0,0
1999,0.31486326,-3.2161531,0,0.124863274,-3.2161531,-1.2578199,0.1,0,0,0,0,0,1,0,0,0,0.30789185,0,0,-0.9514214,0.05849945,0.18077005,1.2578199,14.973829,18.124542,0,0
2099,0.32486328,-3.2161531,0,0.124863274,-3.2161531,-1.2578199,0.1,0,0,0,0,0,1,0,0,0,0.30789185,0,0,-0.9514214,0.061578374,0.1902843,1.2578199,15.720728,18.917105,0,0
2199,0.33486328,-3.2161531,0,0.124863274,-3.2161531,-1.2578199,0.1,0,0,0,0,0,1,0,0,0,0.30789185,0,0,-0.9514214,0.06465729,0.1997985,1.2578199,16.467628,19.709667,0,0
2299,0.34486327,-3.2161531,0,0.124863274,-3.2161531,-1.2578199,0.1,0,0,0,0,0,1,0,0,0,0.30789185,0,0,-0.9514214,0.06773621,0.2093127,1.2578199,17.214525,20.502228,0,0
2399,0.3548633,-3.2161531,0,0.124863274,-3.2161531,-1.2578199,0.1,0,0,0,0,0,1,0,0,0,0.30789185,0,0,-0.9514214,0.07081513,0.21882693,1.2578199,17.961426,21.294788,0,0
2499,0.36486328,-3.2161531,0,0.124863274,-3.2161531,-1.2578199,0.1,0,0,0,0,0,1,0,0,0,0.30789185,0,0,-0.9514214,0.073894046,0.22834115,1.2578199,18.70832,22.087349,0,0
2599,0.37486327,-3.2161531,0,0.124863274,-3.2161531,-1.2578199,0.1,0,0,0,0,0,1,0,0,0,0.30789185,0,0,-0.9514214,0.07697296,0.23785535,1.2578199,19.45522,22.87991,0,0
2699,0.38486326,-3.2161531,0,0.124863274,-3.2161531,-1.2578199,0.1,0,0,0,0,0,1,0,0,0,0.30789185,0,0,-0.9514214,0.08005188,0.24736954,1.2578199,20.202118,23.672468,0,0
2799,0.39486328,-3.2161531,0,0.124863274,-3.2161531,-1.2578199,0.1,0,0,0,0,0,1,0,0,0,0.30789185,0,0,-0.9514214,0.0831308,0.25688377,1.2578199,20.949017,24.46503,0,0
2899,0.40486327,-3.2161531,0,0.124863274,-3.2161531,-1.2578199,0.1,0,0,0,0,0,1,0,0,0,0.30789185,0,0,-0.9514214,0.086209714,0.26639798,1.2578199,21.695915,25.25759,0,0
2999,0.41486326,-3.2161531,0,0.124863274,-3.2161531,-1.2578199,0.1,0,0,0,0,0,1,0,0,0,0.30789185,0,0,-0.9514214,0.08928863,0.2759122,1.2578199,22.442812,26.050152,0,0
3099,0.42486328,-3.2161531,0,0.124863274,-3.2161531,-1.2578199,0.1,0,0,0,0,0,1,0,0,0,0.30789185,0,0,-0.9514214,0.09236756,0.28542644,1.2578199,23.189713,26.842714,0,0
3199,0.43486327,-3.2161531,0,0.124863274,-3.2161531,-1.2578199,0.1,0,0,0,0,0,1,0,0,0,0.30789185,0,0,-0.9514214,0.095446475,0.29494062,1.2578199,23.93661,27.635275,0,0
3299,0.44486326,-3.2161531,0,0.124863274,-3.2161531,-1.2578199,0.1,0,0,0,0,0,1,0,0,0,0.30789185,0,0,-0.9514214,0.09852539,0.30445483,1.2578199,24.683508,28.427834,0,0
3399,0.45486328,-3.2161531,0,0.124863274,-3.2161531,-1.2578199,0.1,0,0,0,0,0,1,0,0,0,0.30789185,0,0,-0.9514214,0.10160431,0.31396908,1.2578199,25.430407,29.220398,0,0
3499,0.46486327,-3.2161531,0,0.124863274,-3.2161531,-1.2578199,0.1,0,0,0,0,0,1,0,0,0,0.30789185,0,0,-0.9514214,0.10468323,0.32348326,1.2578199,26.177305,30.012957,0,0
3599,0.47486326,-3.2161531,0,0.124863274,-3.2161531,-1.2578199,0.1,0,0,0,0,0,1,0,0,0,0.30789185,0,0,-0.9514214,0.10776214,0.33299747,1.2578199,26.924202,30.805515,0,0
3699,0.48486328,-3.2161531,0,0.124863274,-3.2161531,-1.2578199,0.1,0,0,0,0,0,1,0,0,0,0.30789185,0,0,-0.9514214,0.110841066,0.3425117,1.2578199,27.6711,31.598078,0,0
3799,0.49486327,-3.2161531,0,0.124863274,-3.2161531,-1.2578199,0.1,0,0,0,0,0,1,0,0,0,0.30789185,0,0,-0.9514214,0.11391998,0.35202593,1.2578199,28.418,32.390636,0,0
3899,0.50486326,-3.2161531,0,0.124863274,-3.2161531,-1.2578199,0.1,0,0,0,0,0,1,0,0,0,0.30789185,0,0,-0.9514214,0.1169989,0.3615401,1.2578199,29.164898,33.1832,0,0
3999,0.51486325,-3.2161531,0,0.124863274,-3.2161531,-1.2578199,0.1,0,0,0,0,0,1,0,0,0,0.30789185,0,0,-0.9514214,0.12007782,0.37105432,1.2578199,29.911797,33.97576,0,0
4099,0.5248633,-3.2161531,0,0.124863274,-3.2161531,-1.2578199,0.1,0,0,0,0,0,1,0,0,0,0.30789185,0,0,-0.9514214,0.12315675,0.3805686,1.2578199,30.658695,34.768322,0,0
