ts,target_x,target_y,target_theta,actual_x,actual_y,actual_theta,target_vx,target_vy,target_vz,actual_vx,actual_vy,actual_vz,target_qw,target_qx,target_qy,target_qz,actual_qw,actual_qx,actual_qy,actual_qz,xerror,yerror,thetaerror,ul,ur,dutyl,dutyr
0,-0.013132859,-0.004038658,0,-0.013132859,-0.004038658,-0.011070251,0.1,0,0,0,0,0,1,0,0,0,0.9999387,0,0,-0.011070025,0,0,0.0110702505,6.2363343,6.2628994,0,0
99,-0.013132859,-0.004038658,0,-0.013108173,-0.004031638,-0.011070251,0.1,0,0,0,0,0,1,0,0,0,0.9999387,0,0,-0.011070025,-0.000024606414,-0.000007292684,0.0110702505,6.230201,6.2567306,0,0
199,-0.0031328592,-0.004038658,0,-0.01298304,-0.0040824045,-0.008317947,0.1,0,0,0,0,0,1,0,0,0,0.9999654,0,0,-0.008317851,0.009849476,0.00012567738,0.008317947,8.701871,8.722434,0,0
299,0.0068671405,-0.004038658,0,-0.012866883,-0.0040919813,-0.0055658817,0.1,0,0,0,0,0,1,0,0,0,0.9999845,0,0,-0.005565853,0.019733422,0.00016315919,0.0055658817,11.1761875,11.190328,0,0
399,0.01686714,-0.004038658,0,-0.01106065,-0.0038397792,-0.019412756,0.1,0,0,0,0,0,1,0,0,0,0.9998116,0,0,-0.019411536,0.02792639,0.00034327997,0.019412756,13.206305,13.254534,0,0
499,0.02686714,-0.004038658,0,-0.0069443504,-0.0037270086,-0.030447245,0.1,0,0,0,0,0,1,0,0,0,0.9995365,0,0,-0.030442541,0.033805307,0.0007178028,0.030447247,14.66018,14.736679,0,0
599,0.03686714,-0.004038658,0,0.0050983746,-0.0039628716,-0.0442636,0.1,0,0,0,0,0,1,0,0,0,0.9990205,0,0,-0.044249147,0.031741004,0.0013300289,0.0442636,14.122845,14.235412,0,0
699,0.04686714,-0.004038658,0,0.026592443,-0.005654003,-0.016644955,0.1,0,0,0,0,0,1,0,0,0,0.9998615,0,0,-0.016644185,0.020245003,0.001952577,0.016644955,11.285729,11.335041,0,0
800,0.06686714,-0.004038658,0,0.0469314,-0.006575391,-0.02493167,0.1,0,0,0,0,0,1,0,0,0,0.9996892,0,0,-0.024929086,0.019866308,0.0030329246,0.02493167,11.177444,11.251823,0,0
899,0.06686714,-0.004038658,0,0.06284036,-0.0070856516,-0.038780212,0.1,0,0,0,0,0,1,0,0,0,0.99924815,0,0,-0.038770493,0.0039056244,0.0032008232,0.038780212,7.167507,7.2759066,0,0
999,0.07686715,-0.004038658,0,0.07695301,-0.007731509,-0.04428816,0.1,0,0,0,0,0,1,0,0,0,0.99901944,0,0,-0.044273682,-0.00024927242,0.0036854285,0.04428816,6.1195874,6.243519,0,0
1099,0.08686714,-0.004038658,0,0.08646118,-0.00805431,-0.060899734,0.1,0,0,0,0,0,1,0,0,0,0.9981462,0,0,-0.060862098,0.00016080617,0.0040329155,0.060899734,6.1959114,6.361318,0,0
1199,0.096867144,-0.004038658,0,0.0937865,-0.008793766,-0.044261694,0.1,0,0,0,0,0,1,0,0,0,0.99902064,0,0,-0.044247244,0.0028672263,0.0048867604,0.044261694,6.8958683,7.0255017,0,0
1299,0.106867135,-0.004038658,0,0.10248425,-0.00927668,-0.03592515,0.1,0,0,0,0,0,1,0,0,0,0.9993548,0,0,-0.035917424,0.004191922,0.005392064,0.03592515,7.2379127,7.3499827,0,0
1399,0.11686714,-0.004038658,0,0.114272885,-0.010317317,-0.022141457,0.1,0,0,0,0,0,1,0,0,0,0.9997549,0,0,-0.022139648,0.0024546117,0.0063345563,0.022141457,6.820356,6.903886,0,0
1499,0.12686715,-0.004038658,0,0.1253351,-0.010508845,-0.035963297,0.1,0,0,0,0,0,1,0,0,0,0.9993534,0,0,-0.035955545,0.0012984183,0.0065210885,0.035963297,6.5117736,6.629353,0,0
1599,0.13686715,-0.004038658,0,0.1359426,-0.011478788,-0.011070728,0.1,0,0,0,0,0,1,0,0,0,0.9999387,0,0,-0.011070502,0.0008421348,0.0074499096,0.011070727,6.4289904,6.4913116,0,0
1699,0.14686714,-0.004038658,0,0.14489718,-0.011522579,-0.016584158,0.1,0,0,0,0,0,1,0,0,0,0.9998625,0,0,-0.016583398,0.0018455837,0.0075155604,0.016584158,6.672603,6.748469,0,0
1799,0.15686715,-0.004038658,0,0.15460017,-0.011698162,-0.016581059,0.1,0,0,0,0,0,1,0,0,0,0.99986255,0,0,-0.016580299,0.002139665,0.0076960386,0.016581059,6.7456946,6.822419,0,0
1899,0.16686715,-0.004038658,0,0.16501637,-0.01175595,-0.03314495,0.1,0,0,0,0,0,1,0,0,0,0.99945074,0,0,-0.033138882,0.0015940248,0.0077743856,0.03314495,6.5866556,6.703491,0,0
1999,0.17686714,-0.004038658,0,0.17624773,-0.012330174,-0.02210641,0.1,0,0,0,0,0,1,0,0,0,0.9997557,0,0,-0.022104608,0.0004359794,0.008303183,0.022106407,6.3110204,6.4039154,0,0
2099,0.18686715,-0.004038658,0,0.1883797,-0.012548608,-0.022090197,0.1,0,0,0,0,0,1,0,0,0,0.99975604,0,0,-0.0220884,-0.0017001594,0.008474464,0.022090197,5.7765965,5.8702745,0,0
2199,0.19686714,-0.004038658,0,0.20092791,-0.012851624,-0.016582727,0.1,0,0,0,0,0,1,0,0,0,0.9998625,0,0,-0.016581967,-0.004206353,0.008744419,0.016582727,5.156672,5.238432,0,0
2299,0.20686714,-0.004038658,0,0.2111529,-0.01349438,0.008306503,0.1,0,0,0,0,0,1,0,0,0,0.9999655,0,0,0.008306407,-0.0042070616,0.009490995,-0.008306503,5.1852098,5.210828,0,0
2399,0.21686715,-0.004038658,0,0.217142,-0.013767996,0.01660657,0.1,0,0,0,0,0,1,0,0,0,0.99986213,0,0,0.016605806,-0.00011325053,0.009732561,-0.016606567,6.2173953,6.224256,0,0
2499,0.22686714,-0.004038658,0,0.22505294,-0.014354224,0.04980302,0.1,0,0,0,0,0,1,0,0,0,0.9987601,0,0,0.049782433,0.0023254862,0.010212461,-0.04980302,6.858846,6.7883973,0,0
2599,0.23686714,-0.004038658,0,0.23606904,-0.013860933,0.03872657,0.1,0,0,0,0,0,1,0,0,0,0.99925023,0,0,0.03871689,0.0011777957,0.00978401,-0.03872657,6.5627384,6.516787,0,0
2699,0.24686714,-0.004038658,0,0.2482321,-0.013097085,0.019375801,0.1,0,0,0,0,0,1,0,0,0,0.9998123,0,0,0.019374589,-0.0011892017,0.009083172,-0.019375801,5.9529757,5.9500766,0,0
2799,0.25686714,-0.004038658,0,0.25876856,-0.013044273,0.03322363,0.1,0,0,0,0,0,1,0,0,0,0.9994481,0,0,0.033217516,-0.0016012244,0.0090638045,-0.03322363,5.8643503,5.828139,0,0
2899,0.26686713,-0.004038658,0,0.2680809,-0.0122508705,0.008381605,0.1,0,0,0,0,0,1,0,0,0,0.9999649,0,0,0.008381507,-0.0011448859,0.008222097,-0.008381605,5.953885,5.973233,0,0
2999,0.27686712,-0.004038658,0,0.27789634,-0.011662688,-0.019196987,0.1,0,0,0,0,0,1,0,0,0,0.99981576,0,0,-0.019195808,-0.001175383,0.007602869,0.019196987,5.913726,5.9962792,0,0
3099,0.28686714,-0.004038658,0,0.28852528,-0.012245436,0.0056397915,0.1,0,0,0,0,0,1,0,0,0,0.9999841,0,0,0.0056397617,-0.0016118309,0.008215999,-0.005639792,5.8339934,5.8598914,0,0
3199,0.29686713,-0.004038658,0,0.30021268,-0.012075992,0.000061273575,0.1,0,0,0,0,0,1,0,0,0,1,0,0,0.000061273575,-0.0033450567,0.008037539,-0.000061273575,5.394521,5.4329495,0,0
3299,0.30686712,-0.004038658,0,0.31140822,-0.012069294,-0.011012793,0.1,0,0,0,0,0,1,0,0,0,0.9999394,0,0,-0.01101257,-0.004629262,0.00798014,0.011012793,5.059942,5.1246686,0,0
3399,0.31686714,-0.004038658,0,0.32021493,-0.012526989,0.016640186,0.1,0,0,0,0,0,1,0,0,0,0.99986154,0,0,0.016639419,-0.0032060798,0.008542861,-0.016640186,5.447079,5.44815,0,0
3499,0.32686713,-0.004038658,0,0.32824856,-0.0128635485,0.036020756,0.1,0,0,0,0,0,1,0,0,0,0.9993513,0,0,0.036012966,-0.0010627205,0.008868915,-0.036020756,6.002193,5.958338,0,0
3599,0.33686712,-0.004038658,0,0.33708602,-0.012360626,0.008317947,0.1,0,0,0,0,0,1,0,0,0,0.9999654,0,0,0.008317851,-0.00014966959,0.008323501,-0.008317947,6.202373,6.22236,0,0
3699,0.34686714,-0.004038658,0,0.3461134,-0.012576136,0.011077881,0.1,0,0,0,0,0,1,0,0,0,0.99993867,0,0,0.011077655,0.00084825954,0.008528605,-0.011077881,6.454507,6.468856,0,0
3799,0.35686713,-0.004038658,0,0.35539037,-0.012662686,0.0138754845,0.1,0,0,0,0,0,1,0,0,0,0.99990374,0,0,0.013875039,0.0015962813,0.008602709,-0.0138754845,6.6444726,6.6524644,0,0
3899,0.36686713,-0.004038658,0,0.3659543,-0.01290434,0.02496481,0.1,0,0,0,0,0,1,0,0,0,0.9996884,0,0,0.024962217,0.001133838,0.008840134,-0.02496481,6.5402493,6.5227747,0,0
3999,0.37686712,-0.004038658,0,0.37835956,-0.012616191,0.008352041,0.1,0,0,0,0,0,1,0,0,0,0.99996513,0,0,0.008351944,-0.0014207496,0.008589699,-0.008352041,5.884003,5.905186,0,0
4099,0.38686714,-0.004038658,0,0.3900683,-0.012444483,0.011094332,0.1,0,0,0,0,0,1,0,0,0,0.9999385,0,0,0.0110941045,-0.0031077047,0.008440822,-0.011094332,5.465745,5.4796333,0,0
0,0.40147954,-0.012586808,0,0.40147954,-0.012586808,0.013840437,0.1,0,0,0,0,0,1,0,0,0,0.9999042,0,0,0.0138399955,0,0,-0.013840438,6.266007,6.2327952,0,0
99,0.40147954,-0.012586808,0,0.40147498,-0.0125812935,0.013840437,0.1,0,0,0,0,0,1,0,0,0,0.9999042,0,0,0.0138399955,0.000004483,-0.0000055769397,-0.013840438,6.2671413,6.2339025,0,0
199,0.41147953,-0.012586808,0,0.4072073,-0.012498463,0.0138709545,0.1,0,0,0,0,0,1,0,0,0,0.9999038,0,0,0.013870509,0.0042705857,-0.00014759466,-0.0138709545,7.3340416,7.3000484,0,0
299,0.42147955,-0.012586808,0,0.4206206,-0.012432065,0.013830185,0.1,0,0,0,0,0,1,0,0,0,0.9999044,0,0,0.013829744,0.00085674034,-0.00016660741,-0.013830185,6.480581,6.446594,0,0
399,0.43147954,-0.012586808,0,0.4322762,-0.012323453,0.008291483,0.1,0,0,0,0,0,1,0,0,0,0.9999656,0,0,0.008291388,-0.00079880207,-0.0002567404,-0.008291483,6.0606484,6.0395193,0,0
499,0.44147953,-0.012586808,0,0.44109637,-0.012819066,0.04152584,0.1,0,0,0,0,0,1,0,0,0,0.99913794,0,0,0.04151391,0.00039248005,0.00021615085,-0.04152584,6.3920236,6.2934403,0,0
599,0.45147955,-0.012586808,0,0.450456,-0.012845944,0.052579165,0.1,0,0,0,0,0,1,0,0,0,0.998618,0,0,0.052554943,0.001035765,0.00020498455,-0.05257917,6.5628695,6.437737,0,0
699,0.46147954,-0.012586808,0,0.46139857,-0.012230387,0.041505575,0.1,0,0,0,0,0,1,0,0,0,0.9991388,0,0,0.041493658,0.00006611397,-0.00035947378,-0.041505575,6.3117943,6.2104974,0,0
799,0.47147954,-0.012586808,0,0.4720014,-0.011780597,0.027650833,0.1,0,0,0,0,0,1,0,0,0,0.99961776,0,0,0.027647309,-0.00054395857,-0.0007914741,-0.027650833,6.1466928,6.0765495,0,0
899,0.48147953,-0.012586808,0,0.48390087,-0.012369946,0.058110476,0.1,0,0,0,0,0,1,0,0,0,0.99831206,0,0,0.058077775,-0.0024298572,-0.00007586955,-0.058110476,5.701853,5.562119,0,0
999,0.49147955,-0.012586808,0,0.49472877,-0.010961194,-0.0055351257,0.1,0,0,0,0,0,1,0,0,0,0.9999847,0,0,-0.0055350973,-0.0032401802,-0.0016435741,0.0055351257,5.4371614,5.442556,0,0
1100,0.51147956,-0.012586808,0,0.50142175,-0.01146152,0.019315243,0.1,0,0,0,0,0,1,0,0,0,0.99981344,0,0,0.019314041,0.010034196,-0.0013193352,-0.019315243,8.783722,8.731043,0,0
1199,0.51147956,-0.012586808,0,0.50942767,-0.010857974,-0.0138709545,0.1,0,0,0,0,0,1,0,0,0,0.9999038,0,0,-0.013870509,0.0020756721,-0.0017002065,0.0138709545,6.755754,6.780879,0,0
1299,0.52147955,-0.012586808,0,0.5220169,-0.010774568,-0.030353785,0.1,0,0,0,0,0,1,0,0,0,0.9995394,0,0,-0.030349124,-0.00048208848,-0.001827713,0.030353785,6.0945706,6.1586275,0,0
1399,0.53147954,-0.012586808,0,0.53712285,-0.011920758,-0.013834,0.1,0,0,0,0,0,1,0,0,0,0.99990433,0,0,-0.013833558,-0.0056335544,-0.0007440535,0.013833999,4.826201,4.8558264,0,0
1499,0.5414795,-0.012586808,0,0.54704344,-0.012070163,-0.013853788,0.1,0,0,0,0,0,1,0,0,0,0.99990404,0,0,-0.013853345,-0.0055562234,-0.0005936739,0.013853788,4.8451467,4.875541,0,0
1599,0.5514796,-0.012586808,0,0.554707,-0.012544106,-0.01111722,0.1,0,0,0,0,0,1,0,0,0,0.9999382,0,0,-0.011116991,-0.0032267384,-0.00007857855,0.01111722,5.4297786,5.456079,0,0
1700,0.57147956,-0.012586808,0,0.56120706,-0.013622981,0.035865784,0.1,0,0,0,0,0,1,0,0,0,0.99935687,0,0,0.035858095,0.010303051,0.000667154,-0.035865787,8.863167,8.78032,0,0
1799,0.57147956,-0.012586808,0,0.56861883,-0.013850842,0.041312456,0.1,0,0,0,0,0,1,0,0,0,0.99914676,0,0,0.041300707,0.0029104894,0.0011448055,-0.04131246,7.019097,6.925482,0,0
1899,0.58147955,-0.012586808,0,0.5820698,-0.014061939,0.044130564,0.1,0,0,0,0,0,1,0,0,0,0.9990264,0,0,0.04411624,-0.00052461284,0.0014997352,-0.044130564,6.162096,6.063428,0,0
1999,0.59147954,-0.012586808,0,0.5987913,-0.013647753,0.02493167,0.1,0,0,0,0,0,1,0,0,0,0.9996892,0,0,0.024929086,-0.007283041,0.0012428908,-0.02493167,4.454226,4.4003687,0,0
2099,0.60147953,-0.012586808,0,0.61055756,-0.013727177,0.016664028,0.1,0,0,0,0,0,1,0,0,0,0.9998612,0,0,0.016663257,-0.009057763,0.0012914803,-0.016664028,4.0015855,3.9677973,0,0
2199,0.6114795,-0.012586808,0,0.61731315,-0.013036376,-0.024908304,0.1,0,0,0,0,0,1,0,0,0,0.9996898,0,0,-0.024905728,-0.005843013,0.00030413788,0.024908304,4.756695,4.817921,0,0
2299,0.6214795,-0.012586808,0,0.6228005,-0.013017412,-0.030444145,0.1,0,0,0,0,0,1,0,0,0,0.99953663,0,0,-0.030439442,-0.001333513,0.00039019386,0.030444143,5.8762665,5.9511847,0,0
2399,0.63147956,-0.012586808,0,0.6302257,-0.013633238,-0.008302689,0.1,0,0,0,0,0,1,0,0,0,0.99996555,0,0,-0.008302594,0.001245112,0.0010568044,0.008302689,6.5485644,6.57356,0,0
2499,0.64147955,-0.012586808,0,0.64007455,-0.014402888,0.0027751923,0.1,0,0,0,0,0,1,0,0,0,0.9999961,0,0,0.0027751888,0.0014100352,0.0018121739,-0.0027751923,6.6014657,6.603503,0,0
2599,0.65147954,-0.012586808,0,0.6517792,-0.015107162,0.022084713,0.1,0,0,0,0,0,1,0,0,0,0.99975616,0,0,0.022082917,-0.00024390272,0.0025263566,-0.022084713,6.207934,6.1670666,0,0
2699,0.66147953,-0.012586808,0,0.6639907,-0.015023065,0.024919748,0.1,0,0,0,0,0,1,0,0,0,0.9996895,0,0,0.024917169,-0.0024496594,0.0024980712,-0.024919748,5.659547,5.611742,0,0
2799,0.6714796,-0.012586808,0,0.6740013,-0.015063703,0.024847984,0.1,0,0,0,0,0,1,0,0,0,0.9996913,0,0,0.024845427,-0.002459376,0.0025387832,-0.024847984,5.656945,5.6095085,0,0
2899,0.6814796,-0.012586808,0,0.6825317,-0.015147541,0.041431427,0.1,0,0,0,0,0,1,0,0,0,0.9991418,0,0,0.041419573,-0.0009451738,0.0026021143,-0.041431427,6.0517964,5.96489,0,0
2999,0.69147956,-0.012586808,0,0.6918366,-0.015453295,0.055244923,0.1,0,0,0,0,0,1,0,0,0,0.99847436,0,0,0.055216826,-0.0001982088,0.002881828,-0.055244926,6.2502484,6.1315756,0,0
3099,0.70147955,-0.012586808,0,0.70273,-0.01524833,0.05529833,0.1,0,0,0,0,0,1,0,0,0,0.99847144,0,0,0.05527015,-0.0011014317,0.0027265665,-0.05529833,6.024861,5.9053154,0,0
3199,0.71147954,-0.012586808,0,0.7132094,-0.014770369,0.035863638,0.1,0,0,0,0,0,1,0,0,0,0.999357,0,0,0.03585595,-0.00165044,0.0022441824,-0.035863634,5.871008,5.795735,0,0
3299,0.72147954,-0.012586808,0,0.7225895,-0.014980431,0.03309512,0.1,0,0,0,0,0,1,0,0,0,0.9994524,0,0,0.03308908,-0.0010301471,0.0024290397,-0.033095118,6.0229135,5.9551673,0,0
3399,0.7314795,-0.012586808,0,0.73297405,-0.014943632,0.027620554,0.1,0,0,0,0,0,1,0,0,0,0.9996186,0,0,0.027617043,-0.0014288683,0.0023971999,-0.027620554,5.917783,5.863015,0,0
3499,0.7414795,-0.012586808,0,0.7431012,-0.0152121,0.030398607,0.1,0,0,0,0,0,1,0,0,0,0.999538,0,0,0.030393926,-0.0015411214,0.002673368,-0.030398607,5.891885,5.831779,0,0
3599,0.7514795,-0.012586808,0,0.75152934,-0.01548685,0.044106007,0.1,0,0,0,0,0,1,0,0,0,0.9990275,0,0,0.04409171,0.000078086814,0.0028994193,-0.04410601,6.309389,6.2174973,0,0
3699,0.76147956,-0.012586808,0,0.7602178,-0.014881004,0.010969162,0.1,0,0,0,0,0,1,0,0,0,0.99993986,0,0,0.010968942,0.0012868597,0.0022802174,-0.010969162,6.5790286,6.5636497,0,0
3799,0.77147955,-0.012586808,0,0.7703828,-0.0151580665,0.013759136,0.1,0,0,0,0,0,1,0,0,0,0.99990535,0,0,0.013758702,0.0011319988,0.0025559259,-0.013759136,6.542783,6.522033,0,0
3899,0.78147954,-0.012586808,0,0.7806893,-0.016185645,0.04402542,0.1,0,0,0,0,0,1,0,0,0,0.99903107,0,0,0.0440112,0.0009478619,0.0035605708,-0.04402542,6.5251718,6.4366465,0,0
3999,0.7914795,-0.012586808,0,0.79085547,-0.016488185,0.046775103,0.1,0,0,0,0,0,1,0,0,0,0.99890625,0,0,0.04675805,0.00080579886,0.0038679303,-0.046775103,6.4914346,6.397793,0,0
4099,0.8014796,-0.012586808,0,0.80346847,-0.01595861,-0.0055348873,0.1,0,0,0,0,0,1,0,0,0,0.9999847,0,0,-0.005534859,-0.0020075198,0.0033607432,0.0055348873,5.7333183,5.7627296,0,0
0,0.81874985,-0.016723668,0,0.81874985,-0.016723668,-0.008348703,0.1,0,0,0,0,0,1,0,0,0,0.99996513,0,0,-0.0083486065,0,0,0.008348704,6.2397647,6.259799,0,0
99,0.81874985,-0.016723668,0,0.8187498,-0.016724585,-0.008348703,0.1,0,0,0,0,0,1,0,0,0,0.99996513,0,0,-0.0083486065,0.000000051951723,0.0000009168871,0.008348704,6.2397757,6.2598143,0,0
199,0.82874984,-0.016723668,0,0.8238674,-0.016853312,-0.013956547,0.1,0,0,0,0,0,1,0,0,0,0.9999026,0,0,-0.013956094,0.0048801703,0.0001977712,0.013956548,7.4522142,7.486654,0,0
299,0.8387498,-0.016723668,0,0.8358858,-0.017708974,0.008271933,0.1,0,0,0,0,0,1,0,0,0,0.9999658,0,0,0.008271839,0.0028720554,0.0009615814,-0.008271933,6.975417,6.9601827,0,0
399,0.8487498,-0.016723668,0,0.8484122,-0.018642409,0.027569056,0.1,0,0,0,0,0,1,0,0,0,0.99962,0,0,0.027565563,0.0003903636,0.0019087053,-0.027569056,6.37371,6.3167214,0,0
499,0.85874987,-0.016723668,0,0.8600438,-0.018186493,-0.0056118965,0.1,0,0,0,0,0,1,0,0,0,0.99998426,0,0,-0.005611867,-0.001302146,0.0014555401,0.0056118965,5.914139,5.934592,0,0
599,0.86874986,-0.016723668,0,0.8710052,-0.017976556,-0.06644082,0.1,0,0,0,0,0,1,0,0,0,0.9977936,0,0,-0.06639195,-0.0023335263,0.0011003882,0.06644083,5.5705276,5.7351294,0,0
699,0.87874985,-0.016723668,0,0.8802607,-0.01857805,-0.09967232,0.1,0,0,0,0,0,1,0,0,0,0.99503684,0,0,-0.09950737,-0.0016878846,0.0016948374,0.09967232,5.6735477,5.92047,0,0
799,0.88874984,-0.016723668,0,0.8883493,-0.019926533,-0.08031416,0.1,0,0,0,0,0,1,0,0,0,0.9967766,0,0,-0.080227844,0.00014229317,0.0032246755,0.08031416,6.161427,6.3694267,0,0
899,0.8987498,-0.016723668,0,0.8981067,-0.021308333,-0.08314133,0.1,0,0,0,0,0,1,0,0,0,0.99654573,0,0,-0.08304557,0.0002601765,0.0046222373,0.08314132,6.1827207,6.404189,0,0
999,0.9087498,-0.016723668,0,0.9102585,-0.022744855,-0.08032918,0.1,0,0,0,0,0,1,0,0,0,0.9967753,0,0,-0.08024282,-0.0019869453,0.005880712,0.08032919,5.622718,5.8435006,0,0
1099,0.91874987,-0.016723668,0,0.923227,-0.023939515,-0.1079905,0.1,0,0,0,0,0,1,0,0,0,0.9941747,0,0,-0.10778073,-0.005228792,0.006691262,0.1079905,4.7610164,5.0517716,0,0
1199,0.92874986,-0.016723668,0,0.93376935,-0.02535111,-0.108000755,0.1,0,0,0,0,0,1,0,0,0,0.9941736,0,0,-0.107790925,-0.0059202006,0.008036121,0.108000755,4.584917,4.8821516,0,0
1299,0.93874985,-0.016723668,0,0.94078916,-0.026453327,-0.09140015,0.1,0,0,0,0,0,1,0,0,0,0.9958259,0,0,-0.09127294,-0.0029188558,0.009502912,0.091400154,5.3618793,5.626516,0,0
1399,0.94874984,-0.016723668,0,0.94786024,-0.02754073,-0.080293655,0.1,0,0,0,0,0,1,0,0,0,0.9967782,0,0,-0.08020741,0.00001912465,0.010853564,0.080293655,6.1123624,6.356927,0,0
1499,0.95874983,-0.016723668,0,0.9557826,-0.028851837,-0.060936928,0.1,0,0,0,0,0,1,0,0,0,0.9981439,0,0,-0.06089922,0.002223135,0.01228636,0.060936928,6.69163,6.8967366,0,0
1599,0.9687499,-0.016723668,0,0.96671355,-0.03025176,-0.049901247,0.1,0,0,0,0,0,1,0,0,0,0.9987552,0,0,-0.049880538,0.0013590098,0.013612826,0.049901243,6.4894567,6.674488,0,0
1699,0.9787499,-0.016723668,0,0.9783029,-0.031005163,-0.07200527,0.1,0,0,0,0,0,1,0,0,0,0.99740875,0,0,-0.07194307,-0.0005816375,0.014276644,0.07200527,5.9678144,6.208976,0,0
1799,0.98874986,-0.016723668,0,0.99011046,-0.032598622,-0.06920171,0.1,0,0,0,0,0,1,0,0,0,0.9976065,0,0,-0.06914649,-0.0024550362,0.015742877,0.06920171,5.5005374,5.742025,0,0
1899,0.99874985,-0.016723668,0,0.9988933,-0.034248084,-0.06369448,0.1,0,0,0,0,0,1,0,0,0,0.9979722,0,0,-0.06365142,-0.0012586314,0.017479748,0.06369448,5.8043494,6.0409865,0,0
1999,1.0087498,-0.016723668,0,1.0051523,-0.03478641,-0.08865571,0.1,0,0,0,0,0,1,0,0,0,0.99607265,0,0,-0.08853962,0.0019841008,0.018310325,0.08865572,6.5713058,6.8716526,0,0
2099,1.0187498,-0.016723668,0,1.0157866,-0.03615306,-0.1080215,0.1,0,0,0,0,0,1,0,0,0,0.9941713,0,0,-0.10781154,0.00085120136,0.01963561,0.1080215,6.2498937,6.602848,0,0
2199,1.0287498,-0.016723668,0,1.028604,-0.03876103,-0.077600956,0.1,0,0,0,0,0,1,0,0,0,0.99699056,0,0,-0.0775231,-0.0015630504,0.021982346,0.07760096,5.694661,5.9861956,0,0
2299,1.0387498,-0.016723668,0,1.0406328,-0.040725052,-0.05817294,0.1,0,0,0,0,0,1,0,0,0,0.9983084,0,0,-0.058140136,-0.0032752885,0.023851305,0.05817294,5.2936096,5.547601,0,0
2399,1.0487498,-0.016723668,0,1.0502031,-0.041261006,-0.08862448,0.1,0,0,0,0,0,1,0,0,0,0.9960754,0,0,-0.08850851,-0.0036193402,0.024312412,0.088624485,5.156097,5.485176,0,0
2499,1.0587498,-0.016723668,0,1.0596497,-0.042183813,-0.10522914,0.1,0,0,0,0,0,1,0,0,0,0.9944685,0,0,-0.105035044,-0.0035691403,0.02522479,0.10522914,5.1365848,5.5097013,0,0
2599,1.0687499,-0.016723668,0,1.0695709,-0.04409875,-0.08582115,0.1,0,0,0,0,0,1,0,0,0,0.99631965,0,0,-0.08571584,-0.0031644506,0.027203958,0.085821144,5.2677574,5.604012,0,0
2699,1.0787499,-0.016723668,0,1.0775437,-0.045328587,-0.08582401,0.1,0,0,0,0,0,1,0,0,0,0.99631935,0,0,-0.08571869,-0.0012502562,0.028603025,0.08582401,5.742944,6.08592,0,0
2799,1.0887499,-0.016723668,0,1.0830312,-0.04596486,-0.113535404,0.1,0,0,0,0,0,1,0,0,0,0.9935618,0,0,-0.11329164,0.0023691074,0.029700812,0.113535404,6.594832,7.009244,0,0
2899,1.0987499,-0.016723668,0,1.0909888,-0.0471152,-0.11906457,0.1,0,0,0,0,0,1,0,0,0,0.99292016,0,0,-0.11878345,0.0040961625,0.031098256,0.11906458,7.0126424,7.4469404,0,0
2999,1.1087499,-0.016723668,0,1.1027848,-0.049547903,-0.09409475,0.1,0,0,0,0,0,1,0,0,0,0.9955764,0,0,-0.093955964,0.002854694,0.03323949,0.094094746,6.7435274,7.1285233,0,0
3099,1.1187499,-0.016723668,0,1.1147472,-0.051612128,-0.07195544,0.1,0,0,0,0,0,1,0,0,0,0.9974123,0,0,-0.071893364,0.0014840837,0.03508595,0.07195544,6.4343905,6.775305,0,0
3199,1.1287498,-0.016723668,0,1.1269038,-0.053266555,-0.0747273,0.1,0,0,0,0,0,1,0,0,0,0.9972092,0,0,-0.07465777,-0.0008872873,0.036578726,0.0747273,5.8333793,6.1880913,0,0
3299,1.1387498,-0.016723668,0,1.1394092,-0.05525532,-0.083058596,0.1,0,0,0,0,0,1,0,0,0,0.99655265,0,0,-0.08296313,-0.0038537802,0.03834412,0.083058596,5.0734506,5.456566,0,0
3399,1.1487498,-0.016723668,0,1.148967,-0.057010595,-0.080280304,0.1,0,0,0,0,0,1,0,0,0,0.99677926,0,0,-0.0801941,-0.0034472737,0.040139757,0.080280304,5.1755075,5.560596,0,0
3499,1.1587498,-0.016723668,0,1.155185,-0.058698315,-0.06366706,0.1,0,0,0,0,0,1,0,0,0,0.9979739,0,0,-0.063624054,0.00088701467,0.042116415,0.06366706,6.281684,6.6364965,0,0
3599,1.1687498,-0.016723668,0,1.1626402,-0.060425617,-0.0415287,0.1,0,0,0,0,0,1,0,0,0,0.9991378,0,0,-0.041516766,0.004289964,0.04391792,0.0415287,7.1618986,7.472306,0,0
3699,1.1787498,-0.016723668,0,1.1716958,-0.061377674,-0.07752943,0.1,0,0,0,0,0,1,0,0,0,0.9969961,0,0,-0.07745179,0.0035742493,0.04506621,0.07752944,6.923712,7.3258634,0,0
3799,1.1887498,-0.016723668,0,1.1833442,-0.06330176,-0.10246253,0.1,0,0,0,0,0,1,0,0,0,0.9947553,0,0,-0.102283336,0.00061303284,0.046886697,0.10246253,6.1352406,6.6057177,0,0
3899,1.1987498,-0.016723668,0,1.1954998,-0.06588908,-0.07751155,0.1,0,0,0,0,0,1,0,0,0,0.9969975,0,0,-0.07743396,-0.00056682783,0.049269453,0.07751155,5.8783865,6.3006682,0,0
3999,1.2087498,-0.016723668,0,1.2055209,-0.06732895,-0.10805631,0.1,0,0,0,0,0,1,0,0,0,0.99416757,0,0,-0.10784615,-0.0022475142,0.050658356,0.10805631,5.4007044,5.902632,0,0
4099,1.2187499,-0.016723668,0,1.2161764,-0.06916742,-0.11074948,0.1,0,0,0,0,0,1,0,0,0,0.99387354,0,0,-0.110523224,-0.0032385285,0.052406885,0.11074948,5.143705,5.6604495,0,0
0,0.01425481,-0.017160615,0,0.01425481,-0.017160615,1.0653465,0.1,0,0,0,0,0,1,0,0,0,0.48420107,0,0,0.8749567,0,0,-1.0653465,4.0760736,1.9764398,0,0
99,0.01425481,-0.017160615,0,0.014257805,-0.017135393,1.0653465,0.1,0,0,0,0,0,1,0,0,0,0.48420107,0,0,0.8749567,-0.000023518474,-0.000009591946,-1.0653465,4.0702167,1.9705372,0,0
199,0.02425481,-0.017160615,0,0.0144820195,-0.016805507,1.0685775,0.1,0,0,0,0,0,1,0,0,0,0.48137152,0,0,0.87651664,0.0043930854,-0.008736952,-1.0685775,5.1794977,3.0341887,0,0
299,0.03425481,-0.017160615,0,0.014509511,-0.016784607,1.0685775,0.1,0,0,0,0,0,1,0,0,0,0.48137152,0,0,0.87651664,0.009175248,-0.017488087,-1.0685775,6.396039,4.2087293,0,0
400,0.054254808,-0.017160615,0,0.014838567,-0.016449077,1.0782692,0.1,0,0,0,0,0,1,0,0,0,0.4728541,0,0,0.8811407,0.018011166,-0.035067707,-1.0782692,8.599519,6.3167405,0,0
499,0.054254808,-0.017160615,0,0.01588271,-0.0138829695,1.0397847,0.1,0,0,0,0,0,1,0,0,0,0.50640595,0,0,0.8622952,0.016605562,-0.034747895,-1.0397847,8.434437,6.1984177,0,0
599,0.06425481,-0.017160615,0,0.020044934,-0.008077684,1.0206773,0.1,0,0,0,0,0,1,0,0,0,0.5227887,0,0,0.8524623,0.01536957,-0.042435706,-1.0206773,8.234481,5.985162,0,0
700,0.08425481,-0.017160615,0,0.024564253,-0.0005119966,0.9515264,0.1,0,0,0,0,0,1,0,0,0,0.5804408,0,0,0.81430244,0.021089826,-0.058269706,-0.9515264,10.017082,7.7833414,0,0
800,0.09425481,-0.017160615,0,0.031253196,0.008383816,0.8958466,0.1,0,0,0,0,0,1,0,0,0,0.6248581,0,0,0.78073835,0.019423548,-0.06514941,-0.8958466,9.854358,7.668142,0,0
900,0.10425481,-0.017160615,0,0.038599335,0.018178474,0.8137822,0.1,0,0,0,0,0,1,0,0,0,0.6867541,0,0,0.72688985,0.019401547,-0.07199356,-0.8137823,10.187521,8.097678,0,0
1000,0.11425481,-0.017160615,0,0.048818294,0.02846228,0.771754,0.1,0,0,0,0,0,1,0,0,0,0.7166885,0,0,0.6973934,0.015080493,-0.078332394,-0.771754,9.274167,7.2246842,0,0
1099,0.11425481,-0.017160615,0,0.05972172,0.038469117,0.7330749,0.1,0,0,0,0,0,1,0,0,0,0.7431203,0,0,0.6691578,0.003299579,-0.07783082,-0.7330749,6.459056,4.479737,0,0
1200,0.13425481,-0.017160615,0,0.070249245,0.04785104,0.6770747,0.1,0,0,0,0,0,1,0,0,0,0.7794088,0,0,0.6265157,0.009155683,-0.09077115,-0.6770747,8.129774,6.190677,0,0
1300,0.13425481,-0.017160615,0,0.075222276,0.05326542,0.6042359,0.1,0,0,0,0,0,1,0,0,0,0.8229365,0,0,0.5681334,0.0085686445,-0.09149451,-0.6042359,8.186748,6.3842797,0,0
1399,0.1442548,-0.017160615,0,0.08090917,0.05659775,0.6273899,0.1,0,0,0,0,0,1,0,0,0,0.8095625,0,0,0.58703375,0.007983599,-0.09689803,-0.6273899,7.9925437,6.1187863,0,0
1500,0.16425481,-0.017160615,0,0.09081168,0.062379263,0.6271765,0.1,0,0,0,0,0,1,0,0,0,0.80968773,0,0,0.58686095,0.0127871595,-0.10750338,-0.6271765,9.21946,7.2952175,0,0
1599,0.16425481,-0.017160615,0,0.100719236,0.07084608,0.5291374,0.1,0,0,0,0,0,1,0,0,0,0.86324286,0,0,0.5047889,0.010421831,-0.10804321,-0.5291374,8.865668,7.1357837,0,0
1700,0.18425481,-0.017160615,0,0.11308968,0.078504205,0.4578011,0.1,0,0,0,0,0,1,0,0,0,0.89702654,0,0,0.4419767,0.021555386,-0.11726722,-0.45780107,11.806974,10.183551,0,0
1799,0.18425481,-0.017160615,0,0.12628634,0.085629165,0.37865233,0.1,0,0,0,0,0,1,0,0,0,0.9291637,0,0,0.3696686,0.01586404,-0.11693765,-0.37865233,10.497445,9.049121,0,0
1900,0.2042548,-0.017160615,0,0.14297254,0.09163927,0.36737776,0.1,0,0,0,0,0,1,0,0,0,0.93327236,0,0,0.3591694,0.01811545,-0.123550646,-0.36737776,11.089248,9.63438,0,0
2000,0.21425481,-0.017160615,0,0.15860769,0.09821298,0.30280757,0.1,0,0,0,0,0,1,0,0,0,0.95450306,0,0,0.2982012,0.0187108,-0.12671849,-0.30280754,11.305226,9.981462,0,0
2100,0.21425481,-0.017160615,0,0.17473656,0.10335999,0.27483487,0.1,0,0,0,0,0,1,0,0,0,0.96247,0,0,0.27138802,0.0053272843,-0.12672225,-0.2748349,7.976979,6.7175384,0,0
2200,0.2342548,-0.017160615,0,0.19009708,0.10819289,0.24691772,0.1,0,0,0,0,0,1,0,0,0,0.9696704,0,0,0.24441634,0.012179999,-0.13234445,-0.24691772,9.7162895,8.49459,0,0
2300,0.24425481,-0.017160615,0,0.20226039,0.11156916,0.23295522,0.1,0,0,0,0,0,1,0,0,0,0.9729884,0,0,0.23085392,0.0111423135,-0.13494715,-0.23295522,9.467579,8.265933,0,0
2400,0.25425482,-0.017160615,0,0.2143283,0.114922665,0.21063352,0.1,0,0,0,0,0,1,0,0,0,0.97789866,0,0,0.20907946,0.011428185,-0.13751188,-0.21063352,9.549764,8.388062,0,0
2499,0.25425482,-0.017160615,0,0.22942638,0.11887416,0.17735696,0.1,0,0,0,0,0,1,0,0,0,0.9843134,0,0,0.17642862,0.00043853372,-0.1382813,-0.17735697,6.805114,5.7180705,0,0
2599,0.2642548,-0.017160615,0,0.24497381,0.12205567,0.12184715,0.1,0,0,0,0,0,1,0,0,0,0.99258584,0,0,0.12154587,0.0022168811,-0.14052764,-0.12184715,7.240943,6.2748203,0,0
2699,0.2742548,-0.017160615,0,0.2558299,0.12308935,0.1135304,0.1,0,0,0,0,0,1,0,0,0,0.99356234,0,0,0.11328667,0.0024178345,-0.14143439,-0.11353039,7.28955,6.338896,0,0
2799,0.28425482,-0.017160615,0,0.26383927,0.124237455,0.083050966,0.1,0,0,0,0,0,1,0,0,0,0.99655324,0,0,0.082955524,0.008615427,-0.14260428,-0.083050966,8.824056,7.940573,0,0
2899,0.2942548,-0.017160615,0,0.2754735,0.12471371,0.088576555,0.1,0,0,0,0,0,1,0,0,0,0.9960797,0,0,0.08846077,0.006157363,-0.14297955,-0.08857655,8.214086,7.315591,0,0
3000,0.31425482,-0.017160615,0,0.29109272,0.1257903,0.071912766,0.1,0,0,0,0,0,1,0,0,0,0.99741536,0,0,0.0718508,0.012831095,-0.14424565,-0.071912766,9.873976,9.009263,0,0
3099,0.31425482,-0.017160615,0,0.3059681,0.12743345,0.019396544,0.1,0,0,0,0,0,1,0,0,0,0.9998119,0,0,0.019395327,0.0054807067,-0.14472759,-0.019396544,7.989575,7.2484264,0,0
3199,0.3242548,-0.017160615,0,0.3201787,0.12806214,0.013845444,0.1,0,0,0,0,0,1,0,0,0,0.99990416,0,0,0.013845001,0.0020651233,-0.14526527,-0.013845444,7.130887,6.400477,0,0
3299,0.3342548,-0.017160615,0,0.33405855,0.12890866,-0.024910212,0.1,0,0,0,0,0,1,0,0,0,0.99968976,0,0,-0.024907636,0.0038344278,-0.14601907,0.024910212,7.5271845,6.8861513,0,0
3400,0.3542548,-0.017160615,0,0.34319282,0.12860388,-0.030460835,0.1,0,0,0,0,0,1,0,0,0,0.9995361,0,0,-0.030456124,0.015496286,-0.14535996,0.030460835,10.433449,9.808895,0,0
3500,0.3642548,-0.017160615,0,0.35331604,0.12803617,-0.036040783,0.1,0,0,0,0,0,1,0,0,0,0.9993506,0,0,-0.036032982,0.016163534,-0.14470834,0.036040783,10.590847,9.982801,0,0
3600,0.37425482,-0.017160615,0,0.37177777,0.1272154,-0.024967432,0.1,0,0,0,0,0,1,0,0,0,0.9996883,0,0,-0.024964837,0.0060806014,-0.14426917,0.024967432,8.084451,7.4519534,0,0
3700,0.3842548,-0.017160615,0,0.39084277,0.12711553,-0.06642556,0.1,0,0,0,0,0,1,0,0,0,0.9977946,0,0,-0.06637672,0.0030031544,-0.14439525,0.06642556,7.2538676,6.720142,0,0
3800,0.3942548,-0.017160615,0,0.4055652,0.12656665,-0.08582854,0.1,0,0,0,0,0,1,0,0,0,0.996319,0,0,-0.08572321,0.0010519968,-0.14416775,0.08582855,6.733097,6.246888,0,0
3900,0.4042548,-0.017160615,0,0.41598067,0.12578402,-0.091367245,0.1,0,0,0,0,0,1,0,0,0,0.9958289,0,0,-0.091240175,0.0013653301,-0.14341828,0.091367245,6.7999496,6.330577,0,0
4000,0.4142548,-0.017160615,0,0.42684376,0.12486776,-0.102431536,0.1,0,0,0,0,0,1,0,0,0,0.9947585,0,0,-0.102252506,0.0019997945,-0.14257118,0.102431536,6.9366293,6.4977484,0,0
0,0.4418049,0.12359481,0,0.4418049,0.12359481,-0.1301372,0.1,0,0,0,0,0,1,0,0,0,0.9915441,0,0,-0.12977019,0,0,0.1301372,6.0414457,6.352855,0,0
99,0.4418049,0.12359481,0,0.44304842,0.12329473,-0.12180543,0.1,0,0,0,0,0,1,0,0,0,0.9925909,0,0,-0.121504456,-0.0012707793,0.00014676161,0.12180543,5.739859,6.032138,0,0
200,0.4618049,0.12359481,0,0.45406348,0.12093651,-0.08583593,0.1,0,0,0,0,0,1,0,0,0,0.99631834,0,0,-0.08573057,0.007485023,0.0033121896,0.08583593,7.987433,8.209058,0,0
300,0.4718049,0.12359481,0,0.4657523,0.120250605,-0.1052227,0.1,0,0,0,0,0,1,0,0,0,0.9944692,0,0,-0.105028644,0.0056678704,0.0039614066,0.1052227,7.4968753,7.767925,0,0
400,0.48180488,0.12359481,0,0.48025146,0.118934184,-0.113521576,0.1,0,0,0,0,0,1,0,0,0,0.99356335,0,0,-0.113277905,0.0010154712,0.0048065977,0.113521576,6.316188,6.611089,0,0
500,0.4918049,0.12359481,0,0.49416247,0.11592028,-0.060932875,0.1,0,0,0,0,0,1,0,0,0,0.99814415,0,0,-0.060895175,-0.0028205388,0.0075167227,0.060932875,5.442163,5.624369,0,0
600,0.5018049,0.12359481,0,0.50003916,0.11550747,-0.069374084,0.1,0,0,0,0,0,1,0,0,0,0.9975946,0,0,-0.06931845,0.0012008785,0.008190288,0.069374084,6.4323597,6.6380115,0,0
700,0.5118049,0.12359481,0,0.5063371,0.11511073,-0.069336176,0.1,0,0,0,0,0,1,0,0,0,0.9975972,0,0,-0.06928063,0.0048668524,0.0088425055,0.069336176,7.347349,7.556041,0,0
800,0.52180487,0.12359481,0,0.5174342,0.11480784,-0.09703398,0.1,0,0,0,0,0,1,0,0,0,0.9952959,0,0,-0.09688178,0.0034988313,0.009169081,0.09703398,6.9570603,7.2335534,0,0
900,0.5318049,0.12359481,0,0.53335667,0.11291929,-0.091468096,0.1,0,0,0,0,0,1,0,0,0,0.9958197,0,0,-0.09134061,-0.002520369,0.010489155,0.0914681,5.459015,5.728546,0,0
1000,0.5418049,0.12359481,0,0.5460662,0.11137166,-0.09144211,0.1,0,0,0,0,0,1,0,0,0,0.9958221,0,0,-0.091314726,-0.0053596655,0.011782967,0.09144211,4.7461324,5.021811,0,0
1099,0.5418049,0.12359481,0,0.55497086,0.11042327,-0.11357999,0.1,0,0,0,0,0,1,0,0,0,0.99355674,0,0,-0.113335945,-0.014573929,0.011594503,0.113579996,2.402438,2.7300568,0,0
1200,0.5618049,0.12359481,0,0.56254107,0.109303676,-0.1080215,0.1,0,0,0,0,0,1,0,0,0,0.9941713,0,0,-0.10781154,-0.0022726357,0.014128471,0.1080215,5.48215,5.8086734,0,0
1300,0.5618049,0.12359481,0,0.5661237,0.1092659,-0.1358602,0.1,0,0,0,0,0,1,0,0,0,0.9907852,0,0,-0.13544264,-0.006219782,0.013611919,0.1358602,4.4422865,4.8326373,0,0
1400,0.5818049,0.12359481,0,0.5734561,0.108394556,-0.15242505,0.1,0,0,0,0,0,1,0,0,0,0.98840576,0,0,-0.15183552,0.005944026,0.016291661,0.15242505,7.442268,7.8848176,0,0
1500,0.59180486,0.12359481,0,0.5827599,0.10606416,-0.116457224,0.1,0,0,0,0,0,1,0,0,0,0.9932265,0,0,-0.116194166,0.00694672,0.018462876,0.116457224,7.760624,8.128066,0,0
1599,0.59180486,0.12359481,0,0.59567744,0.10374321,-0.09155297,0.1,0,0,0,0,0,1,0,0,0,0.99581194,0,0,-0.09142513,-0.00567129,0.019414414,0.09155297,4.649717,4.962287,0,0
1699,0.60180485,0.12359481,0,0.6105844,0.101865046,-0.0941298,0.1,0,0,0,0,0,1,0,0,0,0.99557304,0,0,-0.093990855,-0.010783059,0.020808376,0.09412979,3.3638577,3.6892755,0,0
1799,0.6118049,0.12359481,0,0.618584,0.1013489,-0.121929884,0.1,0,0,0,0,0,1,0,0,0,0.99257576,0,0,-0.12162799,-0.009434471,0.021256229,0.12192988,3.648037,4.041925,0,0
1900,0.6318049,0.12359481,0,0.6237942,0.10060259,-0.116384506,0.1,0,0,0,0,0,1,0,0,0,0.993235,0,0,-0.11612194,0.005286591,0.023766898,0.116384506,7.333004,7.725729,0,0
2000,0.6418049,0.12359481,0,0.63131845,0.09945382,-0.11086583,0.1,0,0,0,0,0,1,0,0,0,0.99386066,0,0,-0.11063886,0.007751113,0.025152989,0.11086583,7.956298,8.342517,0,0
2100,0.6418049,0.12359481,0,0.64528877,0.097024664,-0.08309388,0.1,0,0,0,0,0,1,0,0,0,0.99654967,0,0,-0.08299829,-0.005677148,0.026189316,0.08309388,4.6467166,4.9715805,0,0
2200,0.6618049,0.12359481,0,0.6600118,0.0957257,-0.09409475,0.1,0,0,0,0,0,1,0,0,0,0.9955764,0,0,-0.093955964,-0.0008333147,0.0279143,0.094094746,5.8343043,6.1937428,0,0
2300,0.6718049,0.12359481,0,0.66711295,0.09496162,-0.10248613,0.1,0,0,0,0,0,1,0,0,0,0.9947529,0,0,-0.10230682,0.0017379685,0.02896297,0.10248613,6.459442,6.8439527,0,0
2400,0.6818049,0.12359481,0,0.67434376,0.093883544,-0.088615656,0.1,0,0,0,0,0,1,0,0,0,0.9960762,0,0,-0.088499725,0.004802416,0.030254995,0.088615656,7.2472906,7.6048694,0,0
2499,0.6818049,0.12359481,0,0.6865476,0.09206539,-0.07753277,0.1,0,0,0,0,0,1,0,0,0,0.99699587,0,0,-0.07745511,-0.0071705496,0.031067362,0.07753277,4.2710996,4.606073,0,0
2599,0.6918049,0.12359481,0,0.70033175,0.08984283,-0.0386827,0.1,0,0,0,0,0,1,0,0,0,0.9992519,0,0,-0.038673054,-0.009825775,0.03339697,0.038682703,3.6623356,3.9154248,0,0
2699,0.7018049,0.12359481,0,0.7066466,0.089730114,-0.060937643,0.1,0,0,0,0,0,1,0,0,0,0.99814385,0,0,-0.060899936,-0.006895116,0.033506982,0.060937643,4.3611426,4.668097,0,0
2799,0.71180487,0.12359481,0,0.7114624,0.08961998,-0.07756281,0.1,0,0,0,0,0,1,0,0,0,0.99699354,0,0,-0.07748506,-0.0022910833,0.03389923,0.07756281,5.4841204,5.832757,0,0
2900,0.73180485,0.12359481,0,0.71875674,0.08866705,-0.07199669,0.1,0,0,0,0,0,1,0,0,0,0.99740934,0,0,-0.07193451,0.010501798,0.035775885,0.07199669,8.687096,9.03142,0,0
2999,0.73180485,0.12359481,0,0.7298555,0.08665105,-0.038764,0.1,0,0,0,0,0,1,0,0,0,0.99924874,0,0,-0.03875429,0.000516176,0.036991555,0.038764,6.2390804,6.509617,0,0
3099,0.7418049,0.12359481,0,0.7469479,0.08497525,-0.035968304,0.1,0,0,0,0,0,1,0,0,0,0.99935323,0,0,-0.035960548,-0.0065284413,0.03840964,0.0359683,4.4785285,4.749166,0,0
3199,0.7518049,0.12359481,0,0.75654846,0.08539108,-0.09967399,0.1,0,0,0,0,0,1,0,0,0,0.99503666,0,0,-0.09950902,-0.008521648,0.037542086,0.09967398,3.8790812,4.2980523,0,0
3299,0.7618049,0.12359481,0,0.7602375,0.085103735,-0.102431536,0.1,0,0,0,0,0,1,0,0,0,0.9947585,0,0,-0.102252506,-0.0023766607,0.038449593,0.102431536,5.40812,5.838031,0,0
3400,0.7818049,0.12359481,0,0.76343364,0.08408393,-0.06359267,0.1,0,0,0,0,0,1,0,0,0,0.9979787,0,0,-0.06354982,0.015823241,0.04059851,0.06359267,10.019501,10.366851,0,0
3499,0.7818049,0.12359481,0,0.7744908,0.08302265,-0.08009362,0.1,0,0,0,0,0,1,0,0,0,0.9967942,0,0,-0.080008015,0.0040446,0.041027293,0.08009362,7.046663,7.4355645,0,0
3600,0.8018049,0.12359481,0,0.7944563,0.07962952,-0.044284344,0.1,0,0,0,0,0,1,0,0,0,0.9990196,0,0,-0.04426987,0.005395055,0.044247515,0.044284344,7.433338,7.7519345,0,0
3699,0.8018049,0.12359481,0,0.8071162,0.07770916,-0.008317947,0.1,0,0,0,0,0,1,0,0,0,0.9999654,0,0,-0.008317851,-0.005692797,0.045839887,0.008317947,4.706602,4.946567,0,0
3800,0.8218049,0.12359481,0,0.8071162,0.07770916,-0.008317947,0.1,0,0,0,0,0,1,0,0,0,0.9999654,0,0,-0.008317851,0.014306493,0.046006244,0.008317947,9.706025,9.946787,0,0
3900,0.8318049,0.12359481,0,0.8251427,0.07744702,-0.049853086,0.1,0,0,0,0,0,1,0,0,0,0.9987576,0,0,-0.049832437,0.0043542557,0.046422455,0.049853083,7.159607,7.5019903,0,0
3999,0.8318049,0.12359481,0,0.8424212,0.07537203,-0.01662159,0.1,0,0,0,0,0,1,0,0,0,0.99986184,0,0,-0.016620824,-0.011416338,0.048039667,0.01662159,3.2598286,3.5302753,0,0
4100,0.85180485,0.12359481,0,0.8562865,0.07524928,-0.030456305,0.1,0,0,0,0,0,1,0,0,0,0.9995362,0,0,-0.030451596,-0.0059517934,0.04818664,0.030456305,4.606982,4.9113235,0,0
