ts,target_x,target_y,target_theta,actual_x,actual_y,actual_theta,target_vx,target_vy,target_vz,actual_vx,actual_vy,actual_vz,target_qw,target_qx,target_qy,target_qz,actual_qw,actual_qx,actual_qy,actual_qz,xerror,yerror,thetaerror,ul,ur,dutyl,dutyr
0,-0.012418173,-0.011183177,0,-0.012418173,-0.011183177,0.044265747,0.1,0,0,0,0,0,1,0,0,0,0.99902046,0,0,0.044251293,0,0,-0.044265747,6.2969723,6.190783,0,0
99,-0.012418173,-0.011183177,0,-0.012412027,-0.0111821955,0.044265747,0.1,0,0,0,0,0,1,0,0,0,0.99902046,0,0,0.044251293,-0.000006183215,-0.00000070869294,-0.044265747,6.2954283,6.189235,0,0
199,-0.0024181735,-0.011183177,0,-0.012413901,-0.011183262,0.044265747,0.1,0,0,0,0,0,1,0,0,0,0.99902046,0,0,0.044251293,0.0099859405,-0.00044223922,-0.044265747,8.794519,8.686207,0,0
299,0.0075818263,-0.011183177,0,-0.012335053,-0.011176472,0.0442636,0.1,0,0,0,0,0,1,0,0,0,0.9990205,0,0,0.044249147,0.019897075,-0.00088800385,-0.0442636,11.273371,11.162923,0,0
399,0.017581826,-0.011183177,0,-0.0104527315,-0.01111438,0.044261694,0.1,0,0,0,0,0,1,0,0,0,0.99902064,0,0,0.044247244,0.028004058,-0.0013091812,-0.044261694,13.301125,13.188662,0,0
499,0.027581826,-0.011183177,0,-0.005289684,-0.011009325,0.05528879,0.1,0,0,0,0,0,1,0,0,0,0.998472,0,0,0.05526063,0.032811675,-0.0019900866,-0.05528879,14.514448,14.372288,0,0
599,0.037581827,-0.011183177,0,0.0032363338,-0.011120983,0.06627607,0.1,0,0,0,0,0,1,0,0,0,0.9978045,0,0,0.06622756,0.03426597,-0.0023366755,-0.06627607,14.88784,14.717699,0,0
699,0.047581825,-0.011183177,0,0.022985712,-0.00987261,0.046864033,0.1,0,0,0,0,0,1,0,0,0,0.9989021,0,0,0.04684688,0.024507713,-0.0024613799,-0.046864033,12.432181,12.307951,0,0
799,0.057581827,-0.011183177,0,0.04372604,-0.009133138,0.022084713,0.1,0,0,0,0,0,1,0,0,0,0.99975616,0,0,0.022082917,0.013807139,-0.0023555157,-0.022084713,9.732409,9.668112,0,0
899,0.067581825,-0.011183177,0,0.060444992,-0.0084327385,-0.016639233,0.1,0,0,0,0,0,1,0,0,0,0.9998616,0,0,-0.016638465,0.007181608,-0.002631312,0.01663923,8.030888,8.058187,0,0
999,0.07758183,-0.011183177,0,0.07077423,-0.00876968,-0.022223711,0.1,0,0,0,0,0,1,0,0,0,0.99975306,0,0,-0.022221882,0.0068595544,-0.0022616235,0.022223711,7.942109,7.984581,0,0
1099,0.08758183,-0.011183177,0,0.07794181,-0.008804735,-0.03609681,0.1,0,0,0,0,0,1,0,0,0,0.9993486,0,0,-0.036088973,0.009719571,-0.0020289947,0.03609681,8.637389,8.714252,0,0
1199,0.097581826,-0.011183177,0,0.08752507,-0.009131476,-0.05275035,0.1,0,0,0,0,0,1,0,0,0,0.998609,0,0,-0.05272589,0.010150946,-0.0015185956,0.05275035,8.719423,8.83866,0,0
1299,0.107581824,-0.011183177,0,0.09923381,-0.009425545,-0.069241285,0.1,0,0,0,0,0,1,0,0,0,0.9976038,0,0,-0.06918597,0.00844961,-0.001175855,0.069241285,8.267234,8.427617,0,0
1399,0.11758182,-0.011183177,0,0.11207643,-0.010434595,-0.085855484,0.1,0,0,0,0,0,1,0,0,0,0.9963167,0,0,-0.08575004,0.0055493033,-0.00027373742,0.085855484,7.5120745,7.716535,0,0
1499,0.12758183,-0.011183177,0,0.12415122,-0.01077503,-0.13008022,0.1,0,0,0,0,0,1,0,0,0,0.9915515,0,0,-0.12971368,0.0034545711,0.000040298124,0.13008021,6.905106,7.2165728,0,0
1599,0.13758183,-0.011183177,0,0.13306187,-0.012368849,-0.12457967,0.1,0,0,0,0,0,1,0,0,0,0.99224997,0,0,-0.12425767,0.004337596,0.0017381214,0.124579675,7.1326995,7.439223,0,0
1699,0.14758182,-0.011183177,0,0.14085144,-0.013465978,-0.12740517,0.1,0,0,0,0,0,1,0,0,0,0.99189496,0,0,-0.12706077,0.0063857734,0.003119466,0.12740517,7.6358466,7.9557257,0,0
1799,0.15758184,-0.011183177,0,0.15074278,-0.014141264,-0.1745956,0.1,0,0,0,0,0,1,0,0,0,0.9847969,0,0,-0.1737099,0.0062212283,0.004101126,0.1745956,7.49202,7.9285545,0,0
1899,0.16758183,-0.011183177,0,0.16050495,-0.015493823,-0.19122434,0.1,0,0,0,0,0,1,0,0,0,0.98177224,0,0,-0.19006106,0.006128593,0.005577111,0.19122435,7.426796,7.909652,0,0
1999,0.17758182,-0.011183177,0,0.17096981,-0.016954185,-0.22179127,0.1,0,0,0,0,0,1,0,0,0,0.975505,0,0,-0.21997736,0.0051805507,0.0070841387,0.22179127,7.1111045,7.672983,0,0
2099,0.18758184,-0.011183177,0,0.18118882,-0.019024117,-0.23008609,0.1,0,0,0,0,0,1,0,0,0,0.97364676,0,0,-0.22806135,0.0044363234,0.009092306,0.2300861,6.898915,7.4898314,0,0
2199,0.19758183,-0.011183177,0,0.19142695,-0.020880884,-0.24124455,0.1,0,0,0,0,0,1,0,0,0,0.9710414,0,0,-0.23891133,0.003659751,0.010887345,0.24124457,6.671162,7.2967305,0,0
2299,0.20758182,-0.011183177,0,0.2003329,-0.022515945,-0.25235152,0.1,0,0,0,0,0,1,0,0,0,0.96832794,0,0,-0.2496817,0.00418975,0.01278376,0.25235155,6.7692294,7.4297447,0,0
2399,0.21758184,-0.011183177,0,0.20954996,-0.024313428,-0.26903558,0.1,0,0,0,0,0,1,0,0,0,0.9640277,0,0,-0.26580182,0.004252905,0.014792813,0.26903555,6.7339787,7.4428196,0,0
2499,0.22758183,-0.011183177,0,0.22036652,-0.026862832,-0.27194476,0.1,0,0,0,0,0,1,0,0,0,0.96325034,0,0,-0.26860523,0.0027385089,0.0170415,0.27194476,6.341761,7.068122,0,0
2599,0.23758182,-0.011183177,0,0.23068228,-0.029860115,-0.2721765,0.1,0,0,0,0,0,1,0,0,0,0.96318805,0,0,-0.26882845,0.0016246587,0.019844195,0.2721765,6.055916,6.796263,0,0
2699,0.24758181,-0.011183177,0,0.24055661,-0.03239834,-0.2806449,0.1,0,0,0,0,0,1,0,0,0,0.960877,0,0,-0.27697536,0.000874273,0.02233097,0.2806449,5.8381333,6.609966,0,0
2799,0.25758183,-0.011183177,0,0.24806996,-0.033730183,-0.3141322,0.1,0,0,0,0,0,1,0,0,0,0.9510649,0,0,-0.30899125,0.0020795804,0.024382753,0.3141322,6.0347958,6.893305,0,0
2899,0.26758182,-0.011183177,0,0.25416785,-0.034974687,-0.333642,0.1,0,0,0,0,0,1,0,0,0,0.9448559,0,0,-0.32748637,0.0048828693,0.02687244,0.333642,6.668646,7.583487,0,0
2999,0.2775818,-0.011183177,0,0.26255545,-0.037649285,-0.33096838,0.1,0,0,0,0,0,1,0,0,0,0.9457281,0,0,-0.324959,0.005610451,0.029912695,0.33096838,6.8517294,7.775097,0,0
3099,0.28758183,-0.011183177,0,0.27194008,-0.04027872,-0.3394823,0.1,0,0,0,0,0,1,0,0,0,0.9429272,0,0,-0.332999,0.0050602434,0.03264367,0.3394823,6.6804714,7.6362395,0,0
3199,0.29758182,-0.011183177,0,0.28035706,-0.04258434,-0.3478346,0.1,0,0,0,0,0,1,0,0,0,0.940113,0,0,-0.34086287,0.0054897293,0.035391923,0.3478346,6.754224,7.7420526,0,0
3299,0.3075818,-0.011183177,0,0.28846607,-0.04442532,-0.36748123,0.1,0,0,0,0,0,1,0,0,0,0.9332352,0,0,-0.35926598,0.0058967164,0.037890375,0.36748123,6.784908,7.828889,0,0
3399,0.31758183,-0.011183177,0,0.29711863,-0.04666543,-0.3984058,0.1,0,0,0,0,0,1,0,0,0,0.9216806,0,0,-0.3879495,0.005095211,0.040641993,0.3984058,6.4712963,7.597316,0,0
3499,0.32758182,-0.011183177,0,0.3063472,-0.049848597,-0.4011655,0.1,0,0,0,0,0,1,0,0,0,0.9206065,0,0,-0.39049158,0.0044502188,0.04388758,0.40116552,6.2924967,7.440193,0,0
3599,0.3375818,-0.011183177,0,0.31531703,-0.05300925,-0.4124539,0.1,0,0,0,0,0,1,0,0,0,0.9161399,0,0,-0.40085864,0.0036313087,0.04724356,0.4124539,6.0393605,7.228042,0,0
3699,0.34758183,-0.011183177,0,0.32382277,-0.05660801,-0.4011035,0.1,0,0,0,0,0,1,0,0,0,0.9206307,0,0,-0.3904345,0.0041379053,0.05109586,0.4011035,6.1973405,7.379495,0,0
3799,0.35758182,-0.011183177,0,0.3329515,-0.060218018,-0.4068303,0.1,0,0,0,0,0,1,0,0,0,0.91837966,0,0,-0.39570034,0.003216898,0.054778837,0.4068303,5.9378633,7.1503305,0,0
3899,0.3675818,-0.011183177,0,0.34125873,-0.06378672,-0.39006186,0.1,0,0,0,0,0,1,0,0,0,0.9248856,0,0,-0.38024563,0.0043435693,0.058661498,0.39006186,6.269419,7.463434,0,0
3999,0.3775818,-0.011183177,0,0.34905565,-0.06609001,-0.40426064,0.1,0,0,0,0,0,1,0,0,0,0.9193935,0,0,-0.3933391,0.0046297573,0.06170144,0.40426064,6.283636,7.523661,0,0
4099,0.38758183,-0.011183177,0,0.35734934,-0.06845564,-0.42691588,0.1,0,0,0,0,0,1,0,0,0,0.9102471,0,0,-0.41406548,0.003804488,0.06465032,0.4269159,5.9882083,7.2921243,0,0
0,0.3669468,-0.07195692,0,0.3669468,-0.07195692,-0.44106054,0.1,0,0,0,0,0,1,0,0,0,0.90429944,0,0,-0.42689875,0,0,0.44106054,5.139657,6.164086,0,0
99,0.3669468,-0.07195692,0,0.3669566,-0.071959,-0.44106054,0.1,0,0,0,0,0,1,0,0,0,0.90429944,0,0,-0.42689875,-0.000009754023,-0.0000023059488,0.44106054,5.137224,6.1616416,0,0
199,0.37694678,-0.07195692,0,0.37036422,-0.0728203,-0.44394946,0.1,0,0,0,0,0,1,0,0,0,0.9030624,0,0,-0.4295094,0.0055736303,0.0036069574,0.44394943,6.513545,7.56155,0,0
300,0.3969468,-0.07195692,0,0.37701878,-0.07543312,-0.4637866,0.1,0,0,0,0,0,1,0,0,0,0.894365,0,0,-0.4473379,0.016267877,0.012023548,0.4637866,9.091159,10.222342,0,0
399,0.3969468,-0.07195692,0,0.38504508,-0.07842462,-0.47235346,0.1,0,0,0,0,0,1,0,0,0,0.89049995,0,0,-0.4549833,0.0076557733,0.011174564,0.47235346,6.906841,8.052295,0,0
499,0.40694678,-0.07195692,0,0.39596748,-0.08222837,-0.50626326,0.1,0,0,0,0,0,1,0,0,0,0.8745626,0,0,-0.48491263,0.004621324,0.014307027,0.50626326,6.0051923,7.2375026,0,0
599,0.4169468,-0.07195692,0,0.40768233,-0.088658966,-0.48347378,0.1,0,0,0,0,0,1,0,0,0,0.88538545,0,0,-0.4648576,0.00043855188,0.01909441,0.4834738,5.0397167,6.2468777,0,0
699,0.4269468,-0.07195692,0,0.4177656,-0.093831144,-0.4578991,0.1,0,0,0,0,0,1,0,0,0,0.8969832,0,0,-0.4420646,-0.0014344379,0.023679499,0.45789912,4.6603007,5.83477,0,0
799,0.43694678,-0.07195692,0,0.42573664,-0.09671573,-0.48062778,0.1,0,0,0,0,0,1,0,0,0,0.88670486,0,0,-0.4623359,-0.0015068008,0.027136613,0.48062778,4.5453515,5.7850585,0,0
900,0.4569468,-0.07195692,0,0.4323596,-0.09963179,-0.49210978,0.1,0,0,0,0,0,1,0,0,0,0.881338,0,0,-0.47248638,0.008593623,0.036008023,0.49210978,7.0034466,8.310089,0,0
999,0.4569468,-0.07195692,0,0.43847775,-0.10301319,-0.47514272,0.1,0,0,0,0,0,1,0,0,0,0.88922745,0,0,-0.45746535,0.0022160057,0.03606503,0.47514272,5.476238,6.7471075,0,0
1099,0.46694678,-0.07195692,0,0.44615212,-0.10645164,-0.46951985,0.1,0,0,0,0,0,1,0,0,0,0.8917856,0,0,-0.45245814,0.0029369602,0.04017061,0.46951985,5.66862,6.947179,0,0
1199,0.47694677,-0.07195692,0,0.45692885,-0.11073269,-0.5092633,0.1,0,0,0,0,0,1,0,0,0,0.8731039,0,0,-0.48753414,-0.0014267862,0.0436147,0.5092633,4.410573,5.789833,0,0
1299,0.4869468,-0.07195692,0,0.46571058,-0.11418919,-0.5377104,0.1,0,0,0,0,0,1,0,0,0,0.85888356,0,0,-0.51217085,-0.003390707,0.047149174,0.5377104,3.792673,5.2480173,0,0
1399,0.49694678,-0.07195692,0,0.46955404,-0.11607567,-0.5291116,0.1,0,0,0,0,0,1,0,0,0,0.86325586,0,0,-0.50476664,0.0013772715,0.051912718,0.5291116,5.0094476,6.469886,0,0
1499,0.5069468,-0.07195692,0,0.47115704,-0.11682642,-0.5319774,0.1,0,0,0,0,0,1,0,0,0,0.86180574,0,0,-0.5072385,0.008084279,0.05682274,0.5319774,6.6623874,8.152323,0,0
1599,0.5169468,-0.07195692,0,0.47411153,-0.11815444,-0.5462363,0.1,0,0,0,0,0,1,0,0,0,0.85448575,0,0,-0.51947486,0.012603674,0.061726965,0.5462363,7.720036,9.262873,0,0
1699,0.5269468,-0.07195692,0,0.48026332,-0.121304385,-0.54925084,0.1,0,0,0,0,0,1,0,0,0,0.8529159,0,0,-0.5220484,0.014055299,0.06646027,0.54925084,8.058683,9.630413,0,0
1799,0.5369468,-0.07195692,0,0.48877653,-0.12541643,-0.58677936,0.1,0,0,0,0,0,1,0,0,0,0.8327282,0,0,-0.55368197,0.010513149,0.071188234,0.58677936,6.997672,8.668003,0,0
1899,0.54694676,-0.07195692,0,0.49872264,-0.13019648,-0.63321877,0.1,0,0,0,0,0,1,0,0,0,0.806127,0,0,-0.5917426,0.0044119395,0.07548475,0.63321877,5.2501354,7.0324216,0,0
1999,0.55694675,-0.07195692,0,0.5066296,-0.13580503,-0.6364887,0.1,0,0,0,0,0,1,0,0,0,0.8041878,0,0,-0.5943754,0.0025147088,0.081253156,0.6364887,4.746706,6.5629954,0,0
2099,0.5669468,-0.07195692,0,0.5129192,-0.13898022,-0.66576815,0.1,0,0,0,0,0,1,0,0,0,0.7864426,0,0,-0.61766344,0.0010917708,0.086080864,0.66576815,4.2405367,6.1358805,0,0
2199,0.5769468,-0.07195692,0,0.51560026,-0.14032415,-0.68659616,0.1,0,0,0,0,0,1,0,0,0,0.77340823,0,0,-0.6339083,0.00410736,0.091763854,0.68659616,4.879841,6.8414416,0,0
2299,0.5869468,-0.07195692,0,0.5172804,-0.14152355,-0.6869397,0.1,0,0,0,0,0,1,0,0,0,0.7731904,0,0,-0.634174,0.00974803,0.09796886,0.6869397,6.273438,8.265457,0,0
2399,0.5969468,-0.07195692,0,0.5174143,-0.14163896,-0.6839936,0.1,0,0,0,0,0,1,0,0,0,0.7750554,0,0,-0.6318933,0.017610483,0.1042635,0.6839936,8.238338,10.2550955,0,0
2500,0.6169468,-0.07195692,0,0.5191913,-0.14344585,-0.67516446,0.1,0,0,0,0,0,1,0,0,0,0.7806042,0,0,-0.6250257,0.03162593,0.11690425,0.67516446,11.7547865,13.81573,0,0
2599,0.6169468,-0.07195692,0,0.5225672,-0.1457558,-0.68970704,0.1,0,0,0,0,0,1,0,0,0,0.77143246,0,0,-0.63631123,0.025848433,0.11698565,0.6897071,10.239353,12.327769,0,0
2699,0.6269468,-0.07195692,0,0.53035194,-0.15073888,-0.763289,0.1,0,0,0,0,0,1,0,0,0,0.72256625,0,0,-0.6913017,0.015334085,0.12370139,0.763289,7.223255,9.475864,0,0
2799,0.6369468,-0.07195692,0,0.54018575,-0.15771204,-0.8354511,0.1,0,0,0,0,0,1,0,0,0,0.6708432,0,0,-0.7415992,0.0013155565,0.12928616,0.8354511,3.3216033,5.7217145,0,0
2899,0.6469468,-0.07195692,0,0.54707325,-0.16350496,-0.8931534,0.1,0,0,0,0,0,1,0,0,0,0.6269585,0,0,-0.7790527,-0.008704178,0.13520357,0.8931534,0.48325196,3.0016403,0,0
2999,0.6569468,-0.07195692,0,0.5498816,-0.16616642,-0.90236115,0.1,0,0,0,0,0,1,0,0,0,0.61975867,0,0,-0.7847924,-0.0075803176,0.14241111,0.90236115,0.69503504,3.2617893,0,0
3099,0.66694677,-0.07195692,0,0.5500714,-0.16634499,-0.90231824,0.1,0,0,0,0,0,1,0,0,0,0.61979234,0,0,-0.78476584,-0.0016340837,0.15022078,0.90231824,2.1630948,4.767267,0,0
3199,0.67694676,-0.07195692,0,0.55009323,-0.16634633,-0.90231824,0.1,0,0,0,0,0,1,0,0,0,0.61979234,0,0,-0.78476584,0.0045492575,0.15805215,0.90231824,3.6901374,6.3318954,0,0
3299,0.68694675,-0.07195692,0,0.55047786,-0.16675101,-0.8992536,0.1,0,0,0,0,0,1,0,0,0,0.62219447,0,0,-0.7828627,0.010699421,0.16581677,0.8992536,5.226342,7.9007983,0,0
3399,0.6969468,-0.07195692,0,0.5524621,-0.16872208,-0.9301579,0.1,0,0,0,0,0,1,0,0,0,0.5977074,0,0,-0.8017143,0.00878156,0.1736727,0.9301579,4.552362,7.30976,0,0
3499,0.7069468,-0.07195692,0,0.55438536,-0.17065717,-0.9488032,0.1,0,0,0,0,0,1,0,0,0,0.5826562,0,0,-0.81271875,0.008675307,0.18149784,0.9488032,4.3997474,7.221109,0,0
3599,0.7169468,-0.07195692,0,0.55617857,-0.17324676,-0.9459479,0.1,0,0,0,0,0,1,0,0,0,0.58497435,0,0,-0.8110518,0.01189398,0.1896433,0.9459479,5.2013574,8.057812,0,0
3700,0.7369468,-0.07195692,0,0.55825746,-0.17593302,-0.9460647,0.1,0,0,0,0,0,1,0,0,0,0.5848796,0,0,-0.8111201,0.020174652,0.20575203,0.9460647,7.232194,10.166125,0,0
3799,0.7369468,-0.07195692,0,0.5597904,-0.1778386,-0.95532537,0.1,0,0,0,0,0,1,0,0,0,0.5773431,0,0,-0.8165016,0.015827492,0.20577857,0.95532537,6.0917807,9.0387535,0,0
3899,0.7469468,-0.07195692,0,0.5615744,-0.17973879,-0.99002194,0.1,0,0,0,0,0,1,0,0,0,0.54867154,0,0,-0.836038,0.011598825,0.21411523,0.9900219,4.8119707,7.845835,0,0
3999,0.7569468,-0.07195692,0,0.56297696,-0.18127373,-1.0149252,0.1,0,0,0,0,0,1,0,0,0,0.52768344,0,0,-0.8494411,0.00949648,0.22245063,1.0149252,4.119125,7.225158,0,0
4099,0.7669468,-0.07195692,0,0.563092,-0.18170136,-1.024626,0.1,0,0,0,0,0,1,0,0,0,0.5194185,0,0,-0.85452,0.012107126,0.23120129,1.024626,4.693037,7.853256,0,0
