ts,target_x,target_y,target_theta,actual_x,actual_y,actual_theta,target_vx,target_vy,target_vz,actual_vx,actual_vy,actual_vz,target_qw,target_qx,target_qy,target_qz,actual_qw,actual_qx,actual_qy,actual_qz,xerror,yerror,thetaerror,ul,ur,dutyl,dutyr
0,-0.012651942,-0.00729843,0,-0.012651942,-0.00729843,-0.008306742,0.1,0,0,0,0,0,1,0,0,0,0.9999655,0,0,-0.008306646,0,0,0.008306742,6.2398176,6.259751,0,0
99,-0.012651942,-0.00729843,0,-0.012648492,-0.0072985617,-0.008306742,0.1,0,0,0,0,0,1,0,0,0,0.9999655,0,0,-0.008306646,-0.0000034505942,0.00000010312284,0.008306742,6.2389545,6.2588882,0,0
199,-0.002651942,-0.00729843,0,-0.012643436,-0.0072935354,-0.008306742,0.1,0,0,0,0,0,1,0,0,0,0.9999655,0,0,-0.008306646,0.00999119,0.0000781014,0.008306742,8.737428,8.757736,0,0
299,0.007348058,-0.00729843,0,-0.012631193,-0.0073058335,-0.008306742,0.1,0,0,0,0,0,1,0,0,0,0.9999655,0,0,-0.008306646,0.019978499,0.00017336383,0.008306742,11.234026,11.25479,0,0
399,0.017348059,-0.00729843,0,-0.012517612,-0.0072778505,-0.008307219,0.1,0,0,0,0,0,1,0,0,0,0.9999655,0,0,-0.008307123,0.029864812,0.00022751906,0.008307219,13.705474,13.726501,0,0
499,0.027348056,-0.00729843,0,-0.012169413,-0.0072650798,-0.011134863,0.1,0,0,0,0,0,1,0,0,0,0.999938,0,0,-0.011134633,0.03951539,0.0004066644,0.011134863,16.114124,16.142794,0,0
599,0.037348058,-0.00729843,0,-0.011332456,-0.007270741,-0.0055377483,0.1,0,0,0,0,0,1,0,0,0,0.9999847,0,0,-0.00553772,0.04867992,0.00024189033,0.005537748,18.412659,18.427109,0,0
700,0.057348058,-0.00729843,0,-0.009543787,-0.007252773,-0.008374691,0.1,0,0,0,0,0,1,0,0,0,0.99996495,0,0,-0.008374593,0.066889875,0.0005145364,0.008374691,22.960966,22.983534,0,0
799,0.057348058,-0.00729843,0,-0.003223883,-0.0075033833,-0.014057636,0.1,0,0,0,0,0,1,0,0,0,0.9999012,0,0,-0.014057173,0.060563073,0.0010564034,0.014057637,21.370749,21.409552,0,0
899,0.067348056,-0.00729843,0,0.010228804,-0.0075515914,-0.049992323,0.1,0,0,0,0,0,1,0,0,0,0.9987506,0,0,-0.049971502,0.057035238,0.00310718,0.049992323,20.433584,20.568415,0,0
999,0.07734806,-0.00729843,0,0.032322336,-0.009477889,-0.025370598,0.1,0,0,0,0,0,1,0,0,0,0.9996782,0,0,-0.025367877,0.044955947,0.003320965,0.025370598,17.448566,17.525381,0,0
1099,0.08734806,-0.00729843,0,0.059537146,-0.010412233,-0.04990244,0.1,0,0,0,0,0,1,0,0,0,0.99875516,0,0,-0.04988173,0.02762097,0.0044971835,0.049902435,13.076818,13.218104,0,0
1199,0.09734806,-0.00729843,0,0.08708018,-0.011957815,-0.080319166,0.1,0,0,0,0,0,1,0,0,0,0.99677616,0,0,-0.08023284,0.009860938,0.0054681846,0.080319166,8.585695,8.804475,0,0
1299,0.107348055,-0.00729843,0,0.1093406,-0.014125932,-0.10520315,0.1,0,0,0,0,0,1,0,0,0,0.99447125,0,0,-0.1050092,-0.0026984802,0.006580519,0.10520315,5.399039,5.6826115,0,0
1399,0.11734805,-0.00729843,0,0.12590274,-0.01621494,-0.10248613,0.1,0,0,0,0,0,1,0,0,0,0.9947529,0,0,-0.10230682,-0.009422022,0.007994521,0.10248613,3.7197626,4.0036373,0,0
1499,0.12734807,-0.00729843,0,0.13465658,-0.018034818,-0.069334984,0.1,0,0,0,0,0,1,0,0,0,0.9975973,0,0,-0.06927945,-0.008034763,0.010204261,0.06933499,4.1186805,4.3339043,0,0
1600,0.14734806,-0.00729843,0,0.1414865,-0.018404681,-0.08317566,0.1,0,0,0,0,0,1,0,0,0,0.9965429,0,0,-0.083079785,0.0049185962,0.011554833,0.08317565,7.3306303,7.585453,0,0
1699,0.14734806,-0.00729843,0,0.14816774,-0.018814648,-0.08586836,0.1,0,0,0,0,0,1,0,0,0,0.9963156,0,0,-0.08576287,-0.0018043269,0.011403489,0.08586836,5.645623,5.906158,0,0
1799,0.15734807,-0.00729843,0,0.15480076,-0.019483473,-0.08583641,0.1,0,0,0,0,0,1,0,0,0,0.99631834,0,0,-0.085731044,0.0014932939,0.012358565,0.08583641,6.467792,6.7328343,0,0
1899,0.16734807,-0.00729843,0,0.16584139,-0.020272164,-0.0968039,0.1,0,0,0,0,0,1,0,0,0,0.9953182,0,0,-0.09665278,0.00024568476,0.013058618,0.0968039,6.1348543,6.4294653,0,0
1999,0.17734806,-0.00729843,0,0.17664237,-0.021061711,-0.11889267,0.1,0,0,0,0,0,1,0,0,0,0.9929406,0,0,-0.118612766,-0.00093179336,0.013749824,0.11889267,5.797617,6.148243,0,0
2099,0.18734807,-0.00729843,0,0.18712,-0.022181094,-0.121605396,0.1,0,0,0,0,0,1,0,0,0,0.99261516,0,0,-0.121305905,-0.0015789769,0.014800422,0.121605396,5.6280346,5.990165,0,0
2199,0.19734806,-0.00729843,0,0.19584155,-0.02311393,-0.12439346,0.1,0,0,0,0,0,1,0,0,0,0.9922731,0,0,-0.12407291,-0.00046740822,0.015880212,0.12439346,5.8978777,6.271831,0,0
2299,0.20734806,-0.00729843,0,0.2068256,-0.024856167,-0.09944868,0.1,0,0,0,0,0,1,0,0,0,0.9950591,0,0,-0.099284835,-0.0012233339,0.017522858,0.09944868,5.752109,6.0744624,0,0
2399,0.21734807,-0.00729843,0,0.2170811,-0.026646595,-0.06645632,0.1,0,0,0,0,0,1,0,0,0,0.9977926,0,0,-0.06640741,-0.0010184817,0.019323185,0.06645632,5.8555346,6.107632,0,0
2500,0.23734806,-0.00729843,0,0.22794919,-0.027518636,-0.069268465,0.1,0,0,0,0,0,1,0,0,0,0.9976019,0,0,-0.069213085,0.007976836,0.02082224,0.069268465,8.096209,8.362233,0,0
2599,0.23734806,-0.00729843,0,0.2367049,-0.028196957,-0.08037877,0.1,0,0,0,0,0,1,0,0,0,0.9967714,0,0,-0.08029225,-0.0010369022,0.020882696,0.08037876,5.8241444,6.117046,0,0
2699,0.24734806,-0.00729843,0,0.24618794,-0.029013189,-0.085918665,0.1,0,0,0,0,0,1,0,0,0,0.99631125,0,0,-0.08581299,-0.0007075728,0.02173421,0.085918665,5.8949337,6.20517,0,0
2799,0.25734806,-0.00729843,0,0.2577514,-0.029872878,-0.08576107,0.1,0,0,0,0,0,1,0,0,0,0.9963248,0,0,-0.08565598,-0.0023354986,0.022456933,0.08576107,5.4864907,5.7998195,0,0
2899,0.26734805,-0.00729843,0,0.26944318,-0.030860338,-0.08853507,0.1,0,0,0,0,0,1,0,0,0,0.9960833,0,0,-0.08841945,-0.004170258,0.023284372,0.08853507,5.020991,5.3449216,0,0
2999,0.27734804,-0.00729843,0,0.27983648,-0.03211703,-0.06630349,0.1,0,0,0,0,0,1,0,0,0,0.99780273,0,0,-0.06625492,-0.004127321,0.024599198,0.066303484,5.0659103,5.3429637,0,0
3099,0.28734806,-0.00729843,0,0.28792474,-0.03278481,-0.060782194,0.1,0,0,0,0,0,1,0,0,0,0.9981533,0,0,-0.060744774,-0.0021237743,0.025404282,0.060782194,5.573667,5.8413615,0,0
3199,0.29734805,-0.00729843,0,0.29455417,-0.03306652,-0.058020115,0.1,0,0,0,0,0,1,0,0,0,0.9983173,0,0,-0.057987567,0.0012949483,0.025886739,0.058020115,6.431523,6.6949167,0,0
3299,0.30734804,-0.00729843,0,0.30126393,-0.03397463,-0.033078432,0.1,0,0,0,0,0,1,0,0,0,0.99945295,0,0,-0.0330724,0.0051985397,0.02686282,0.033078432,7.4420714,7.6503606,0,0
3399,0.31734806,-0.00729843,0,0.3107857,-0.034478456,-0.0303092,0.1,0,0,0,0,0,1,0,0,0,0.9995407,0,0,-0.03030456,0.005735659,0.027366411,0.0303092,7.5790114,7.7830753,0,0
3499,0.32734805,-0.00729843,0,0.32165787,-0.0350743,-0.030364752,0.1,0,0,0,0,0,1,0,0,0,0.999539,0,0,-0.030360086,0.0048442865,0.027935822,0.030364752,7.354725,7.5616555,0,0
3599,0.33734804,-0.00729843,0,0.33507264,-0.03562003,-0.033150673,0.1,0,0,0,0,0,1,0,0,0,0.99945056,0,0,-0.0331446,0.0013354488,0.028381456,0.033150673,6.472553,6.688304,0,0
3699,0.34734806,-0.00729843,0,0.34597638,-0.035984997,-0.03592515,0.1,0,0,0,0,0,1,0,0,0,0.9993548,0,0,-0.035917424,0.00034044916,0.028717324,0.03592515,6.219071,6.4430876,0,0
3799,0.35734805,-0.00729843,0,0.3560488,-0.03611633,-0.0441432,0.1,0,0,0,0,0,1,0,0,0,0.9990258,0,0,-0.044128865,0.000026295078,0.028847162,0.0441432,6.128312,6.372658,0,0
3899,0.36734805,-0.00729843,0,0.3662247,-0.036848594,-0.033109188,0.1,0,0,0,0,0,1,0,0,0,0.99945194,0,0,-0.03310314,0.00014452019,0.029571153,0.033109188,6.172024,6.3933854,0,0
4000,0.38734806,-0.00729843,0,0.37640905,-0.037139606,-0.03576064,0.1,0,0,0,0,0,1,0,0,0,0.9993607,0,0,-0.03575302,0.009865097,0.0302132,0.03576064,8.596877,8.82768,0,0
