ts,target_x,target_y,target_theta,actual_x,actual_y,actual_theta,target_vx,target_vy,target_vz,actual_vx,actual_vy,actual_vz,target_qw,target_qx,target_qy,target_qz,actual_qw,actual_qx,actual_qy,actual_qz,xerror,yerror,thetaerror,ul,ur,dutyl,dutyr
0,-0.013448042,-0.0113316905,0,-0.013448042,-0.0113316905,0.71210337,0.1,0,0,0,0,0,1,0,0,0,0.7569892,0,0,0.6534274,0,0,-0.71210337,5.515197,3.9471674,0,0
99,-0.013448042,-0.0113316905,0,-0.013447245,-0.011329345,0.71210337,0.1,0,0,0,0,0,1,0,0,0,0.7569892,0,0,0.6534274,-0.0000021358142,-0.0000012542725,-0.71210337,5.514666,3.94663,0,0
199,-0.003448042,-0.0113316905,0,-0.013449419,-0.011329192,0.71210337,0.1,0,0,0,0,0,1,0,0,0,0.7569892,0,0,0.6534274,0.007569302,-0.006537066,-0.71210337,7.4232097,5.823806,0,0
299,0.0065519577,-0.0113316905,0,-0.01344645,-0.011329522,0.71210337,0.1,0,0,0,0,0,1,0,0,0,0.7569892,0,0,0.6534274,0.015137163,-0.01306915,-0.71210337,9.33085,7.700096,0,0
399,0.016551957,-0.0113316905,0,-0.013409924,-0.011332475,0.71535826,0.1,0,0,0,0,0,1,0,0,0,0.7548583,0,0,0.6558879,0.02261749,-0.019651042,-0.71535826,11.20636,9.538112,0,0
499,0.026551958,-0.0113316905,0,-0.012879056,-0.011128842,0.7073729,0.1,0,0,0,0,0,1,0,0,0,0.7600717,0,0,0.6498392,0.029838577,-0.025777997,-0.7073729,13.0516615,11.368523,0,0
599,0.03655196,-0.0113316905,0,-0.0113810515,-0.010766166,0.6867316,0.1,0,0,0,0,0,1,0,0,0,0.77332234,0,0,0.63401306,0.036709122,-0.030827489,-0.6867316,14.845242,13.175847,0,0
699,0.046551958,-0.0113316905,0,-0.008250684,-0.010796846,0.69594264,0.1,0,0,0,0,0,1,0,0,0,0.76744974,0,0,0.64110917,0.04171538,-0.035544943,-0.69594264,16.079937,14.3708725,0,0
799,0.05655196,-0.0113316905,0,0.00069149345,-0.010356735,0.6872306,0.1,0,0,0,0,0,1,0,0,0,0.7730059,0,0,0.6343988,0.04256196,-0.03619146,-0.6872306,16.319809,14.623744,0,0
899,0.06655195,-0.0113316905,0,0.020804977,-0.010003985,0.66158843,0.1,0,0,0,0,0,1,0,0,0,0.7890173,0,0,0.61437094,0.03527945,-0.029153194,-0.6615885,14.5583315,12.944107,0,0
999,0.07655196,-0.0113316905,0,0.045647904,-0.010366857,0.618325,0.1,0,0,0,0,0,1,0,0,0,0.81485057,0,0,0.5796711,0.0246229,-0.018700382,-0.618325,11.9889345,10.508146,0,0
1099,0.08655196,-0.0113316905,0,0.068065,-0.011069691,0.5442934,0.1,0,0,0,0,0,1,0,0,0,0.85549337,0,0,0.51781374,0.015679799,-0.009796938,-0.5442934,9.911592,8.621974,0,0
1199,0.096551955,-0.0113316905,0,0.08442576,-0.012782742,0.4935751,0.1,0,0,0,0,0,1,0,0,0,0.8806447,0,0,0.4737773,0.011366342,-0.0044672536,-0.49357507,8.924797,7.7664332,0,0
1299,0.10655195,-0.0113316905,0,0.0984708,-0.014874856,0.4620955,0.1,0,0,0,0,0,1,0,0,0,0.89512026,0,0,0.4458248,0.008813235,-0.00043121935,-0.4620955,8.333767,7.2618523,0,0
1399,0.11655195,-0.0113316905,0,0.1119301,-0.017670015,0.42362046,0.1,0,0,0,0,0,1,0,0,0,0.91160667,0,0,0.41106358,0.006818762,0.0038781853,-0.42362046,7.8861403,6.918324,0,0
1499,0.12655196,-0.0113316905,0,0.12356917,-0.020504838,0.39586568,0.1,0,0,0,0,0,1,0,0,0,0.9226631,0,0,0.38560706,0.0062893387,0.00731354,-0.39586568,7.7840996,6.8938584,0,0
1599,0.13655196,-0.0113316905,0,0.13425583,-0.02394238,0.39321232,0.1,0,0,0,0,0,1,0,0,0,0.923683,0,0,0.38315755,0.006952781,0.010768497,-0.39321232,7.945104,7.077323,0,0
1699,0.14655195,-0.0113316905,0,0.1453725,-0.026664129,0.37081933,0.1,0,0,0,0,0,1,0,0,0,0.93203074,0,0,0.3623792,0.0066554463,0.013862893,-0.37081933,7.8905873,7.0875196,0,0
1799,0.15655196,-0.0113316905,0,0.15817137,-0.029681483,0.31125283,0.1,0,0,0,0,0,1,0,0,0,0.9519506,0,0,0.30625153,0.0040780506,0.017964045,-0.31125286,7.2935514,6.6448565,0,0
1899,0.16655196,-0.0113316905,0,0.17050046,-0.03403118,0.3098638,0.1,0,0,0,0,0,1,0,0,0,0.9523751,0,0,0.30492893,0.0031612823,0.022822438,-0.3098638,7.053767,6.4315634,0,0
1999,0.17655195,-0.0113316905,0,0.18216471,-0.037358508,0.2563188,0.1,0,0,0,0,0,1,0,0,0,0.9673298,0,0,0.25352135,0.001168963,0.02659947,-0.2563188,6.5784082,6.097695,0,0
2100,0.18655196,-0.0113316905,0,0.19140208,-0.040154595,0.20874691,0.1,0,0,0,0,0,1,0,0,0,0.9782914,0,0,0.20723417,0.0012282608,0.02920231,-0.2087469,6.5999594,6.2428126,0,0
2199,0.19655195,-0.0113316905,0,0.20048872,-0.044043105,0.18539333,0.1,0,0,0,0,0,1,0,0,0,0.98286384,0,0,0.18433315,0.0021604917,0.032876544,-0.18539333,6.8252997,6.5407434,0,0
2299,0.20655195,-0.0113316905,0,0.21124591,-0.05044975,0.22185278,0.1,0,0,0,0,0,1,0,0,0,0.97549146,0,0,0.22003737,0.004028522,0.039192177,-0.22185278,7.273914,6.9339895,0,0
2399,0.21655196,-0.0113316905,0,0.22298056,-0.055962726,0.21418738,0.1,0,0,0,0,0,1,0,0,0,0.9771494,0,0,0.21255346,0.0032047783,0.044977613,-0.2141874,7.0554776,6.7612786,0,0
2499,0.22655195,-0.0113316905,0,0.23291083,-0.06084604,0.21569705,0.1,0,0,0,0,0,1,0,0,0,0.97682744,0,0,0.21402837,0.0043859496,0.04972795,-0.21569705,7.3391285,7.064189,0,0
2599,0.23655196,-0.0113316905,0,0.24332362,-0.06592011,0.22024512,0.1,0,0,0,0,0,1,0,0,0,0.9758439,0,0,0.21846883,0.005317775,0.054749172,-0.22024512,7.559216,7.2977195,0,0
2699,0.24655195,-0.0113316905,0,0.25449464,-0.07152483,0.22768426,0.1,0,0,0,0,0,1,0,0,0,0.9741917,0,0,0.22572215,0.0058492203,0.060432497,-0.22768424,7.6768155,7.42519,0,0
2799,0.25655198,-0.0113316905,0,0.26597723,-0.07617687,0.18469024,0.1,0,0,0,0,0,1,0,0,0,0.9829932,0,0,0.18364204,0.0026433412,0.065473236,-0.18469024,6.867769,6.741316,0,0
2899,0.26655197,-0.0113316905,0,0.27846938,-0.08204202,0.165941,0.1,0,0,0,0,0,1,0,0,0,0.98626333,0,0,0.16518047,-0.00007374119,0.07170753,-0.165941,6.171826,6.1195955,0,0
2999,0.27655196,-0.0113316905,0,0.29023567,-0.088473946,0.17651153,0.1,0,0,0,0,0,1,0,0,0,0.98446226,0,0,0.17559637,0.00007480662,0.078346446,-0.17651153,6.1942716,6.148909,0,0
3099,0.28655198,-0.0113316905,0,0.30003297,-0.09331194,0.15975213,0.1,0,0,0,0,0,1,0,0,0,0.9872667,0,0,0.1590735,-0.00026844814,0.08308084,-0.15975213,6.0948,6.1118097,0,0
3199,0.29655197,-0.0113316905,0,0.3098183,-0.09890896,0.17275262,0.1,0,0,0,0,0,1,0,0,0,0.98511535,0,0,0.17189464,0.0019852025,0.08855412,-0.17275262,6.6470156,6.659527,0,0
3299,0.30655196,-0.0113316905,0,0.31887412,-0.103548504,0.1624353,0.1,0,0,0,0,0,1,0,0,0,0.9868364,0,0,0.16172192,0.002753527,0.092995666,-0.16243528,6.826989,6.885228,0,0
3399,0.31655198,-0.0113316905,0,0.32828194,-0.10858246,0.16738892,0.1,0,0,0,0,0,1,0,0,0,0.9860231,0,0,0.16660833,0.0046367813,0.097845815,-0.16738892,7.286944,7.3567357,0,0
3500,0.33655196,-0.0113316905,0,0.33833227,-0.11358567,0.15707898,0.1,0,0,0,0,0,1,0,0,0,0.9876884,0,0,0.15643382,0.0142375985,0.101273574,-0.15707898,9.677123,9.787781,0,0
3599,0.33655196,-0.0113316905,0,0.34882313,-0.11871337,0.14623833,0.1,0,0,0,0,0,1,0,0,0,0.98932624,0,0,0.14571765,0.0035072193,0.108023636,-0.14623833,6.9757085,7.1444783,0,0
3699,0.34655198,-0.0113316905,0,0.36263257,-0.1269159,0.16765475,0.1,0,0,0,0,0,1,0,0,0,0.98597884,0,0,0.16687045,0.0034324676,0.11664695,-0.16765475,6.940786,7.1001825,0,0
3799,0.35655198,-0.0113316905,0,0.3766907,-0.13429792,0.15816998,0.1,0,0,0,0,0,1,0,0,0,0.9875172,0,0,0.1575113,-0.00051875226,0.12460334,-0.15816997,5.932273,6.1523147,0,0
3899,0.36655197,-0.0113316905,0,0.38585794,-0.13970861,0.182024,0.1,0,0,0,0,0,1,0,0,0,0.9834793,0,0,0.18102051,0.0042518284,0.12975083,-0.18202402,7.115537,7.3038683,0,0
3999,0.37655196,-0.0113316905,0,0.39498082,-0.14425261,0.16567421,0.1,0,0,0,0,0,1,0,0,0,0.9863074,0,0,0.16491735,0.0037444439,0.13414012,-0.16567422,6.976512,7.224552,0,0
4099,0.38655198,-0.0113316905,0,0.40385434,-0.14952841,0.18571496,0.1,0,0,0,0,0,1,0,0,0,0.9828045,0,0,0.18464924,0.00851308,0.13901523,-0.18571496,8.158754,8.382841,0,0
0,0.41841608,-0.15654902,0,0.41841608,-0.15654902,0.16483831,0.1,0,0,0,0,0,1,0,0,0,0.9864449,0,0,0.16409284,0,0,-0.16483831,6.362167,5.9683933,0,0
99,0.41841608,-0.15654902,0,0.4184256,-0.15654036,0.16483831,0.1,0,0,0,0,0,1,0,0,0,0.9864449,0,0,0.16409284,-0.00001079872,-0.0000069802,-0.16483831,6.3594837,5.965677,0,0
200,0.4384161,-0.15654902,0,0.42115223,-0.15783468,0.16372561,0.1,0,0,0,0,0,1,0,0,0,0.98662686,0,0,0.16299511,0.017242543,-0.0015454608,-0.16372561,10.6763315,10.277776,0,0
300,0.44841608,-0.15654902,0,0.42999658,-0.1613122,0.12571335,0.1,0,0,0,0,0,1,0,0,0,0.99210846,0,0,0.12538248,0.018871363,0.0024160992,-0.12571335,11.06316,10.773876,0,0
399,0.44841608,-0.15654902,0,0.44251937,-0.16872819,0.12231231,0.1,0,0,0,0,0,1,0,0,0,0.99252915,0,0,0.12200756,0.007338614,0.011368734,-0.12231231,8.15707,7.918851,0,0
500,0.4684161,-0.15654902,0,0.45982248,-0.17836107,0.11370921,0.1,0,0,0,0,0,1,0,0,0,0.9935421,0,0,0.11346433,0.011013012,0.020696122,-0.11370922,9.049367,8.876414,0,0
599,0.4684161,-0.15654902,0,0.47458115,-0.1878049,0.11662245,0.1,0,0,0,0,0,1,0,0,0,0.99320734,0,0,0.116358265,-0.0024863011,0.031760916,-0.11662244,5.649366,5.5225744,0,0
699,0.4784161,-0.15654902,0,0.48409182,-0.19360347,0.13284254,0.1,0,0,0,0,0,1,0,0,0,0.9911894,0,0,0.13245218,-0.0007177843,0.037479743,-0.13284254,6.0844703,5.946505,0,0
800,0.49841607,-0.15654902,0,0.49488863,-0.1994623,0.12356162,0.1,0,0,0,0,0,1,0,0,0,0.99237597,0,0,0.123247445,0.008789491,0.04215135,-0.12356162,8.446451,8.352995,0,0
899,0.49841607,-0.15654902,0,0.50353056,-0.2056228,0.16833758,0.1,0,0,0,0,0,1,0,0,0,0.98586464,0,0,0.16754366,0.0031798012,0.049237013,-0.16833758,7.0394773,6.8737307,0,0
999,0.50841606,-0.15654902,0,0.51258177,-0.21013343,0.17047143,0.1,0,0,0,0,0,1,0,0,0,0.9855049,0,0,0.16964696,0.004985106,0.0535144,-0.17047143,7.480815,7.3305497,0,0
1099,0.5184161,-0.15654902,0,0.52306616,-0.21529384,0.16822124,0.1,0,0,0,0,0,1,0,0,0,0.98588413,0,0,0.16742896,0.0052511664,0.05869414,-0.16822124,7.534609,7.414526,0,0
1200,0.5384161,-0.15654902,0,0.5336583,-0.22170688,0.21068382,0.1,0,0,0,0,0,1,0,0,0,0.9778881,0,0,0.20912865,0.018278934,0.06272211,-0.21068382,10.781942,10.581125,0,0
1300,0.5384161,-0.15654902,0,0.5469213,-0.22681962,0.17944908,0.1,0,0,0,0,0,1,0,0,0,0.98394215,0,0,0.17848752,0.004173775,0.07066028,-0.17944908,7.2376766,7.1484866,0,0
1400,0.55841607,-0.15654902,0,0.56164193,-0.23402467,0.19623017,0.1,0,0,0,0,0,1,0,0,0,0.98080856,0,0,0.19497325,0.011941725,0.07661774,-0.19623017,9.165565,9.065406,0,0
1500,0.5684161,-0.15654902,0,0.57713956,-0.24088794,0.17875552,0.1,0,0,0,0,0,1,0,0,0,0.9840657,0,0,0.17780507,0.006411451,0.084546104,-0.17875552,7.763727,7.742819,0,0
1599,0.5684161,-0.15654902,0,0.5886977,-0.24685897,0.179039,0.1,0,0,0,0,0,1,0,0,0,0.9840153,0,0,0.17808402,-0.0038746,0.092478186,-0.179039,5.1731997,5.1896915,0,0
1699,0.5784161,-0.15654902,0,0.6013162,-0.25350568,0.2014482,0.1,0,0,0,0,0,1,0,0,0,0.9797778,0,0,0.20008846,-0.0030371062,0.09957803,-0.2014482,5.365453,5.363216,0,0
1799,0.5884161,-0.15654902,0,0.6135679,-0.2589399,0.1856718,0.1,0,0,0,0,0,1,0,0,0,0.98281246,0,0,0.18460684,-0.0058174375,0.105274215,-0.1856718,4.657092,4.7193446,0,0
1900,0.6084161,-0.15654902,0,0.6205956,-0.26188844,0.17396665,0.1,0,0,0,0,0,1,0,0,0,0.98490596,0,0,0.17309047,0.0062375944,0.10585758,-0.17396665,7.6687164,7.7614045,0,0
2000,0.6184161,-0.15654902,0,0.6267534,-0.2647958,0.179039,0.1,0,0,0,0,0,1,0,0,0,0.9840153,0,0,0.17808402,0.011072974,0.10800124,-0.179039,8.872843,8.963835,0,0
2099,0.6184161,-0.15654902,0,0.63552606,-0.2691595,0.19368148,0.1,0,0,0,0,0,1,0,0,0,0.9813023,0,0,0.19247283,0.0048843827,0.11379813,-0.19368148,7.3120923,7.3963776,0,0
2200,0.63841605,-0.15654902,0,0.6499319,-0.27581158,0.18581367,0.1,0,0,0,0,0,1,0,0,0,0.98278624,0,0,0.18474625,0.010715687,0.11933712,-0.18581367,8.75663,8.886041,0,0
2299,0.63841605,-0.15654902,0,0.6636153,-0.28221583,0.165941,0.1,0,0,0,0,0,1,0,0,0,0.98626333,0,0,0.16518047,-0.0040953774,0.12810299,-0.165941,5.0310845,5.249519,0,0
2399,0.6484161,-0.15654902,0,0.67434275,-0.28793827,0.19539237,0.1,0,0,0,0,0,1,0,0,0,0.9809716,0,0,0.19415146,0.00007610768,0.13392282,-0.19539237,6.061677,6.238521,0,0
2499,0.6584161,-0.15654902,0,0.6855785,-0.29334152,0.18187332,0.1,0,0,0,0,0,1,0,0,0,0.98350656,0,0,0.18087232,-0.0019724555,0.13944924,-0.18187334,5.5361853,5.7714186,0,0
2599,0.6684161,-0.15654902,0,0.69234157,-0.2977158,0.22930717,0.1,0,0,0,0,0,1,0,0,0,0.9738241,0,0,0.2273029,0.008788409,0.14290994,-0.22930719,8.213291,8.353714,0,0
2699,0.6784161,-0.15654902,0,0.7015556,-0.30141672,0.20870662,0.1,0,0,0,0,0,1,0,0,0,0.97829974,0,0,0.20719476,0.0073784273,0.14651842,-0.20870662,7.8559823,8.061977,0,0
2799,0.6884161,-0.15654902,0,0.71387976,-0.3064849,0.18469024,0.1,0,0,0,0,0,1,0,0,0,0.9829932,0,0,0.18364204,0.0025039483,0.15206215,-0.18469024,6.625133,6.9142547,0,0
2899,0.6984161,-0.15654902,0,0.7275979,-0.31317937,0.17889667,0.1,0,0,0,0,0,1,0,0,0,0.9840406,0,0,0.17794396,-0.00084463134,0.15932335,-0.17889668,5.7702737,6.1079183,0,0
3000,0.7184161,-0.15654902,0,0.7402213,-0.32010382,0.20292664,0.1,0,0,0,0,0,1,0,0,0,0.9794809,0,0,0.20153677,0.011604503,0.16459337,-0.20292664,8.869721,9.176043,0,0
3100,0.7184161,-0.15654902,0,0.7495055,-0.32463247,0.2066729,0.1,0,0,0,0,0,1,0,0,0,0.97871906,0,0,0.20520476,0.004063707,0.17088616,-0.2066729,6.96906,7.296781,0,0
3199,0.7284161,-0.15654902,0,0.7597819,-0.3289888,0.20328593,0.1,0,0,0,0,0,1,0,0,0,0.9794085,0,0,0.20188868,0.0040936954,0.17522137,-0.20328593,6.9664845,7.3229694,0,0
3300,0.74841607,-0.15654902,0,0.7727667,-0.334932,0.21428967,0.1,0,0,0,0,0,1,0,0,0,0.9771277,0,0,0.2126534,0.01414006,0.1794812,-0.21428968,9.466514,9.817611,0,0
3400,0.75841606,-0.15654902,0,0.7838364,-0.340364,0.22160602,0.1,0,0,0,0,0,1,0,0,0,0.9755457,0,0,0.21979664,0.015603187,0.18490723,-0.22160602,9.817958,10.177956,0,0
3500,0.76841605,-0.15654902,0,0.7964978,-0.34604576,0.21483111,0.1,0,0,0,0,0,1,0,0,0,0.9770124,0,0,0.21318243,0.012961134,0.19112721,-0.21483111,9.143751,9.549472,0,0
3600,0.7784161,-0.15654902,0,0.81202555,-0.35383117,0.20588708,0.1,0,0,0,0,0,1,0,0,0,0.97888005,0,0,0.20443559,0.007431876,0.19998653,-0.20588708,7.7413535,8.210585,0,0
3699,0.7784161,-0.15654902,0,0.8281196,-0.3626914,0.23368907,0.1,0,0,0,0,0,1,0,0,0,0.97281873,0,0,0.23156789,-0.00061652064,0.2120489,-0.23368907,5.6949797,6.156994,0,0
3799,0.7884161,-0.15654902,0,0.8429182,-0.3688839,0.21624613,0.1,0,0,0,0,0,1,0,0,0,0.9767098,0,0,0.2145647,-0.007673193,0.2190838,-0.21624613,3.917848,4.4544277,0,0
3900,0.80841607,-0.15654902,0,0.8537377,-0.3742541,0.21943617,0.1,0,0,0,0,0,1,0,0,0,0.97602034,0,0,0.21767935,0.0031550564,0.22235018,-0.21943618,6.6165,7.1612816,0,0
4000,0.8184161,-0.15654902,0,0.86041707,-0.37812415,0.25573206,0.1,0,0,0,0,0,1,0,0,0,0.9674784,0,0,0.25295374,0.015413243,0.22499344,-0.25573206,9.663639,10.13646,0,0
0,0.8744022,-0.3834732,0,0.8744022,-0.3834732,0.22970247,0.1,0,0,0,0,0,1,0,0,0,0.9737342,0,0,0.22768782,0,0,-0.22970247,6.35903,5.812647,0,0
100,0.8844022,-0.3834732,0,0.8744011,-0.38347813,0.22970247,0.1,0,0,0,0,0,1,0,0,0,0.9737342,0,0,0.22768782,0.009739561,-0.0022723167,-0.22970247,8.799373,8.2420845,0,0
200,0.8944022,-0.3834732,0,0.8797464,-0.38593966,0.22841525,0.1,0,0,0,0,0,1,0,0,0,0.97402644,0,0,0.22643422,0.014833657,-0.00091617415,-0.22841525,10.069964,9.522194,0,0
299,0.8944022,-0.3834732,0,0.89312273,-0.39247075,0.22985744,0.1,0,0,0,0,0,1,0,0,0,0.9736989,0,0,0.22783872,0.0032958142,0.008469401,-0.22985744,7.16262,6.6565237,0,0
400,0.91440225,-0.3834732,0,0.9097936,-0.4005717,0.22536469,0.1,0,0,0,0,0,1,0,0,0,0.97471267,0,0,0.22346184,0.008312957,0.015636288,-0.22536469,8.400791,7.9395943,0,0
499,0.91440225,-0.3834732,0,0.9225385,-0.40626147,0.19501495,0.1,0,0,0,0,0,1,0,0,0,0.98104477,0,0,0.19378121,-0.0035661054,0.023932986,-0.19501497,5.41508,5.0649266,0,0
599,0.92440224,-0.3834732,0,0.93007386,-0.4104453,0.21367002,0.1,0,0,0,0,0,1,0,0,0,0.9772593,0,0,0.21204787,0.00017673569,0.027561404,-0.21367002,6.3403406,5.9637675,0,0
700,0.9444022,-0.3834732,0,0.94011635,-0.41528398,0.20628905,0.1,0,0,0,0,0,1,0,0,0,0.97879773,0,0,0.20482905,0.010710776,0.03025846,-0.20628905,8.968332,8.6220255,0,0
799,0.9444022,-0.3834732,0,0.94959617,-0.4199171,0.20320392,0.1,0,0,0,0,0,1,0,0,0,0.979425,0,0,0.20180836,0.0022676042,0.036742266,-0.20320392,6.8422766,6.5343375,0,0
900,0.9644022,-0.3834732,0,0.9612258,-0.42529485,0.18656111,0.1,0,0,0,0,0,1,0,0,0,0.9826479,0,0,0.18548077,0.010878388,0.040506806,-0.18656111,8.986491,8.735802,0,0
1000,0.97440225,-0.3834732,0,0.97278994,-0.4313644,0.1731484,0.1,0,0,0,0,0,1,0,0,0,0.9850472,0,0,0.17228451,0.009839109,0.04689732,-0.1731484,8.710499,8.522146,0,0
1100,0.98440224,-0.3834732,0,0.9808236,-0.4365517,0.19227076,0.1,0,0,0,0,0,1,0,0,0,0.98157287,0,0,0.1910883,0.0136554,0.051416576,-0.19227077,9.654573,9.442787,0,0
1200,0.9944022,-0.3834732,0,0.9914233,-0.4437084,0.25079346,0.1,0,0,0,0,0,1,0,0,0,0.9687158,0,0,0.24817267,0.017834459,0.057611503,-0.25079346,10.672607,10.353567,0,0
1300,0.9944022,-0.3834732,0,1.0061456,-0.44981208,0.20001817,0.1,0,0,0,0,0,1,0,0,0,0.98006296,0,0,0.19868714,0.0016714465,0.067349546,-0.20001817,6.620031,6.4664793,0,0
1400,1.0144023,-0.3834732,0,1.0229583,-0.45805064,0.12514281,0.1,0,0,0,0,0,1,0,0,0,0.9921799,0,0,0.12481643,0.0008193916,0.07506218,-0.12514281,6.375606,6.4363375,0,0
1499,1.0144023,-0.3834732,0,1.0364807,-0.46671313,0.14261341,0.1,0,0,0,0,0,1,0,0,0,0.98984796,0,0,0.14213048,-0.01002332,0.0855329,-0.1426134,3.6460018,3.715438,0,0
1599,1.0244023,-0.3834732,0,1.0447823,-0.4712985,0.12442541,0.1,0,0,0,0,0,1,0,0,0,0.99226916,0,0,0.124104604,-0.00932294,0.08967559,-0.124425404,3.8046594,3.9372344,0,0
1700,1.0444022,-0.3834732,0,1.0510215,-0.47588137,0.14720726,0.1,0,0,0,0,0,1,0,0,0,0.98918456,0,0,0.14667617,0.0070064524,0.09237962,-0.14720725,7.8883224,7.979711,0,0
1799,1.0444022,-0.3834732,0,1.0568815,-0.47971818,0.16099858,0.1,0,0,0,0,0,1,0,0,0,0.9870677,0,0,0.16030395,0.0031105326,0.0970008,-0.16099858,6.9063745,6.9872384,0,0
1900,1.0644022,-0.3834732,0,1.0667492,-0.4853487,0.15345979,0.1,0,0,0,0,0,1,0,0,0,0.9882481,0,0,0.15285817,0.013253093,0.10103705,-0.15345979,9.430772,9.548875,0,0
2000,1.0744022,-0.3834732,0,1.079087,-0.49322003,0.1629014,0.1,0,0,0,0,0,1,0,0,0,0.98676085,0,0,0.16218187,0.0131761655,0.10905368,-0.1629014,9.394195,9.5283985,0,0
2099,1.0744022,-0.3834732,0,1.0919757,-0.5007671,0.16863585,0.1,0,0,0,0,0,1,0,0,0,0.98581463,0,0,0.16783771,0.0023621544,0.11857956,-0.16863586,6.668704,6.8350554,0,0
2199,1.0844022,-0.3834732,0,1.1068496,-0.50911534,0.16057086,0.1,0,0,0,0,0,1,0,0,0,0.9871362,0,0,0.15988176,-0.0020707007,0.12761483,-0.16057087,5.537523,5.7663293,0,0
2299,1.0944022,-0.3834732,0,1.1188806,-0.51525,0.13505626,0.1,0,0,0,0,0,1,0,0,0,0.9908938,0,0,0.13464606,-0.0065122973,0.13387278,-0.13505624,4.405312,4.724711,0,0
2400,1.1144022,-0.3834732,0,1.1268611,-0.5202605,0.1442275,0.1,0,0,0,0,0,1,0,0,0,0.9896172,0,0,0.143728,0.0073306067,0.1371578,-0.1442275,7.8610735,8.174445,0,0
2499,1.1144022,-0.3834732,0,1.1315401,-0.5233964,0.16416049,0.1,0,0,0,0,0,1,0,0,0,0.9865559,0,0,0.16342416,0.0059593488,0.1408428,-0.16416049,7.513915,7.797707,0,0
2599,1.1244023,-0.3834732,0,1.1386945,-0.5275654,0.17623639,0.1,0,0,0,0,0,1,0,0,0,0.98451054,0,0,0.17532551,0.011192184,0.14436612,-0.17623639,8.815166,9.087308,0,0
2700,1.1444023,-0.3834732,0,1.1510764,-0.53498995,0.19783354,0.1,0,0,0,0,0,1,0,0,0,0.9804947,0,0,0.19654559,0.023235964,0.14987317,-0.19783354,11.813256,12.060908,0,0
2799,1.1444023,-0.3834732,0,1.163781,-0.5420451,0.1997168,0.1,0,0,0,0,0,1,0,0,0,0.9801228,0,0,0.19839178,0.012465782,0.15926455,-0.1997168,9.098066,9.386359,0,0
2900,1.1644022,-0.3834732,0,1.1789399,-0.54967755,0.19183636,0.1,0,0,0,0,0,1,0,0,0,0.9816558,0,0,0.19066189,0.01741783,0.16592725,-0.19183636,10.320395,10.659216,0,0
3000,1.1744022,-0.3834732,0,1.1965525,-0.558891,0.16710186,0.1,0,0,0,0,0,1,0,0,0,0.98607093,0,0,0.16632529,0.007334672,0.17665856,-0.16710186,7.7722487,8.220973,0,0
3099,1.1744022,-0.3834732,0,1.2122886,-0.5672431,0.16157126,0.1,0,0,0,0,0,1,0,0,0,0.9869757,0,0,0.16086921,-0.00783002,0.1874712,-0.16157126,3.9542377,4.4679484,0,0
3200,1.1944022,-0.3834732,0,1.2251464,-0.573541,0.13282967,0.1,0,0,0,0,0,1,0,0,0,0.9911911,0,0,0.1324394,-0.0053009056,0.19246525,-0.13282967,4.5667667,5.1726694,0,0
3300,1.2044022,-0.3834732,0,1.232771,-0.57800436,0.14440942,0.1,0,0,0,0,0,1,0,0,0,0.98959106,0,0,0.14390802,-0.00007894449,0.19658881,-0.14440943,5.8661222,6.464294,0,0
3399,1.2044022,-0.3834732,0,1.2377956,-0.58160406,0.18452287,0.1,0,0,0,0,0,1,0,0,0,0.9830239,0,0,0.18347752,0.0035260692,0.20089433,-0.18452287,6.7634754,7.287357,0,0
3500,1.2244022,-0.3834732,0,1.2456571,-0.5868751,0.23209453,0.1,0,0,0,0,0,1,0,0,0,0.97318673,0,0,0.2300164,0.026100788,0.202837,-0.23209454,12.39685,12.818376,0,0
3599,1.2244022,-0.3834732,0,1.2576656,-0.5924303,0.23988342,0.1,0,0,0,0,0,1,0,0,0,0.9713657,0,0,0.23758939,0.01733502,0.21087681,-0.23988342,10.183821,10.625759,0,0
3700,1.2444022,-0.3834732,0,1.2732403,-0.6004922,0.26959968,0.1,0,0,0,0,0,1,0,0,0,0.9638776,0,0,0.2663456,0.030005597,0.21686067,-0.26959968,13.324809,13.72646,0,0
3800,1.2544022,-0.3834732,0,1.2928525,-0.6082105,0.23312402,0.1,0,0,0,0,0,1,0,0,0,0.97294945,0,0,0.23101816,0.014508143,0.22754078,-0.23312402,9.439128,9.976812,0,0
3900,1.2644022,-0.3834732,0,1.310594,-0.6167727,0.24223518,0.1,0,0,0,0,0,1,0,0,0,0.9708042,0,0,0.23987316,0.01111909,0.23756833,-0.2422352,8.565018,9.12958,0,0
3999,1.2644022,-0.3834732,0,1.3287835,-0.6247319,0.23633838,0.1,0,0,0,0,0,1,0,0,0,0.9722018,0,0,0.23414437,-0.0061023086,0.2496267,-0.23633839,4.232593,4.868775,0,0
4099,1.2744023,-0.3834732,0,1.3406618,-0.6306469,0.26396418,0.1,0,0,0,0,0,1,0,0,0,0.96536326,0,0,0.26090947,0.0005254671,0.25590014,-0.26396418,5.863856,6.4659185,0,0
0,-0.012968176,-0.0051382906,0,-0.012968176,-0.0051382906,0.6717794,0.1,0,0,0,0,0,1,0,0,0,0.78271544,0,0,0.6223797,0,0,-0.6717794,5.638734,4.145209,0,0
99,-0.012968176,-0.0051382906,0,-0.012969095,-0.0051402203,0.6717794,0.1,0,0,0,0,0,1,0,0,0,0.78271544,0,0,0.6223797,0.0000019204904,0.0000009383053,-0.6717794,5.6392117,4.1456914,0,0
200,0.0070318235,-0.0051382906,0,-0.012383453,-0.004956205,0.66040826,0.1,0,0,0,0,0,1,0,0,0,0.7897419,0,0,0.6134393,0.015221358,-0.012053895,-0.66040826,9.5061865,7.9762645,0,0
299,0.0070318235,-0.0051382906,0,-0.011667758,-0.004807177,0.6542084,0.1,0,0,0,0,0,1,0,0,0,0.79352987,0,0,0.6085313,0.014637185,-0.0116420295,-0.6542084,9.376941,7.8607736,0,0
399,0.017031822,-0.0051382906,0,-0.00190231,-0.0034048082,0.5586407,0.1,0,0,0,0,0,1,0,0,0,0.8479764,0,0,0.53003407,0.015136893,-0.011505688,-0.5586407,9.747647,8.420504,0,0
500,0.037031826,-0.0051382906,0,-0.00190231,-0.0034048082,0.5586407,0.1,0,0,0,0,0,1,0,0,0,0.8479764,0,0,0.53003407,0.03209642,-0.022106368,-0.5586407,14.012966,12.634947,0,0
599,0.037031826,-0.0051382906,0,0.011182765,-0.0042205895,0.5143547,0.1,0,0,0,0,0,1,0,0,0,0.87061036,0,0,0.49197316,0.022052975,-0.013516004,-0.5143547,11.577286,10.33183,0,0
700,0.057031825,-0.0051382906,0,0.027540963,-0.00629274,0.47096348,0.1,0,0,0,0,0,1,0,0,0,0.8911315,0,0,0.45374507,0.026804063,-0.012352567,-0.47096348,12.844656,11.69652,0,0
800,0.06703182,-0.0051382906,0,0.04796816,-0.010010157,0.4238279,0.1,0,0,0,0,0,1,0,0,0,0.9115214,0,0,0.41125265,0.019380504,-0.0033991714,-0.4238279,11.043733,10.040536,0,0
900,0.07703183,-0.0051382906,0,0.06508001,-0.014261147,0.3798709,0.1,0,0,0,0,0,1,0,0,0,0.9287125,0,0,0.37080055,0.014482563,0.0040407693,-0.3798709,9.860303,8.989885,0,0
999,0.07703183,-0.0051382906,0,0.08243989,-0.01923094,0.33914304,0.1,0,0,0,0,0,1,0,0,0,0.94304013,0,0,0.33267906,-0.00041169208,0.0150890825,-0.339143,6.1540337,5.4281225,0,0
1099,0.08703183,-0.0051382906,0,0.09734643,-0.024481602,0.3163166,0.1,0,0,0,0,0,1,0,0,0,0.95038766,0,0,0.31106803,-0.0037857885,0.021592189,-0.3163166,5.3148956,4.672055,0,0
1199,0.097031824,-0.0051382906,0,0.11047773,-0.029218797,0.29861045,0.1,0,0,0,0,0,1,0,0,0,0.95574623,0,0,0.29419243,-0.0057665715,0.026970537,-0.29861045,4.8200364,4.243505,0,0
1299,0.10703182,-0.0051382906,0,0.11691585,-0.031564113,0.28470492,0.1,0,0,0,0,0,1,0,0,0,0.9597446,0,0,0.28087425,-0.0020638104,0.02813821,-0.2847049,5.7519345,5.212967,0,0
1400,0.12703182,-0.0051382906,0,0.12030822,-0.032586098,0.2684064,0.1,0,0,0,0,0,1,0,0,0,0.9641947,0,0,0.26519522,0.0137618845,0.024681965,-0.2684064,9.725653,9.207723,0,0
1500,0.13703182,-0.0051382906,0,0.12598744,-0.03474286,0.25768876,0.1,0,0,0,0,0,1,0,0,0,0.9669816,0,0,0.2548463,0.018224329,0.02581245,-0.25768876,10.843553,10.355882,0,0
1600,0.14703181,-0.0051382906,0,0.13547586,-0.039211717,0.26790977,0.1,0,0,0,0,0,1,0,0,0,0.9643263,0,0,0.26471636,0.020163506,0.029798852,-0.26790977,11.314027,10.821804,0,0
1699,0.14703181,-0.0051382906,0,0.15142028,-0.046395246,0.26297212,0.1,0,0,0,0,0,1,0,0,0,0.96562165,0,0,0.25995162,0.0064872145,0.0409794,-0.2629721,7.8705034,7.443374,0,0
1799,0.15703182,-0.0051382906,0,0.16892457,-0.052933812,0.22133899,0.1,0,0,0,0,0,1,0,0,0,0.97560436,0,0,0.21953614,-0.0011097752,0.04924041,-0.22133899,5.965331,5.674835,0,0
1899,0.16703182,-0.0051382906,0,0.18585375,-0.060796455,0.185431,0.1,0,0,0,0,0,1,0,0,0,0.98285687,0,0,0.18437016,-0.008237554,0.05817421,-0.18543099,4.165083,4.001851,0,0
1999,0.17703182,-0.0051382906,0,0.19536233,-0.06556399,0.18579459,0.1,0,0,0,0,0,1,0,0,0,0.98278975,0,0,0.1847275,-0.0068527525,0.06277191,-0.18579459,4.5002594,4.3582363,0,0
2100,0.18703182,-0.0051382906,0,0.20283338,-0.069662824,0.19398403,0.1,0,0,0,0,0,1,0,0,0,0.981244,0,0,0.19276972,-0.0030668145,0.06636038,-0.19398403,5.438122,5.294022,0,0
2199,0.19703181,-0.0051382906,0,0.2096712,-0.073322706,0.20331454,0.1,0,0,0,0,0,1,0,0,0,0.9794027,0,0,0.20191671,0.0013885209,0.06933211,-0.20331454,6.5442905,6.3925037,0,0
2299,0.20703182,-0.0051382906,0,0.21778347,-0.07750155,0.21970725,0.1,0,0,0,0,0,1,0,0,0,0.97596127,0,0,0.21794392,0.005277938,0.07296699,-0.21970727,7.5056434,7.332841,0,0
2399,0.21703182,-0.0051382906,0,0.22668709,-0.08197984,0.21331286,0.1,0,0,0,0,0,1,0,0,0,0.977335,0,0,0.21169883,0.0068308357,0.07714394,-0.21331285,7.884936,7.7471676,0,0
2499,0.22703181,-0.0051382906,0,0.23674883,-0.08638142,0.18093276,0.1,0,0,0,0,0,1,0,0,0,0.98367625,0,0,0.17994718,0.0050610723,0.081665486,-0.18093276,7.4331813,7.3933077,0,0
2600,0.23703182,-0.0051382906,0,0.25968337,-0.09778466,0.18387961,0.1,0,0,0,0,0,1,0,0,0,0.9831417,0,0,0.18284515,-0.0053297486,0.095226236,-0.18387961,4.803071,4.821326,0,0
2699,0.24703181,-0.0051382906,0,0.25968337,-0.09778466,0.18387961,0.1,0,0,0,0,0,1,0,0,0,0.9831417,0,0,0.18284515,0.0045016594,0.09339779,-0.18387961,7.2653103,7.2747903,0,0
2800,0.26703182,-0.0051382906,0,0.26927033,-0.102561995,0.17891598,0.1,0,0,0,0,0,1,0,0,0,0.98403716,0,0,0.17796296,0.015135031,0.09626692,-0.17891598,9.916506,9.951472,0,0
2899,0.26703182,-0.0051382906,0,0.2773106,-0.106767684,0.19892955,0.1,0,0,0,0,0,1,0,0,0,0.9802787,0,0,0.19762011,0.010007931,0.10165642,-0.19892955,8.621894,8.635554,0,0
3000,0.28703183,-0.0051382906,0,0.2894134,-0.11252102,0.19149041,0.1,0,0,0,0,0,1,0,0,0,0.98172164,0,0,0.19032228,0.018099295,0.10587321,-0.19149043,10.634878,10.686289,0,0
3100,0.28703183,-0.0051382906,0,0.30581775,-0.12066771,0.18119216,0.1,0,0,0,0,0,1,0,0,0,0.9836296,0,0,0.18020235,0.0023402832,0.11702342,-0.18119216,6.66815,6.797361,0,0
3199,0.29703182,-0.0051382906,0,0.32042745,-0.12721542,0.1563909,0.1,0,0,0,0,0,1,0,0,0,0.9877958,0,0,0.15575418,-0.0040960815,0.12423124,-0.1563909,5.038467,5.2609396,0,0
3299,0.3070318,-0.0051382906,0,0.33324164,-0.13381892,0.13063025,0.1,0,0,0,0,0,1,0,0,0,0.99148,0,0,0.13025905,-0.009224705,0.13099834,-0.13063025,3.732508,4.048639,0,0
3400,0.32703182,-0.0051382906,0,0.34155783,-0.14028609,0.21303248,0.1,0,0,0,0,0,1,0,0,0,0.9773943,0,0,0.2114248,0.014375957,0.13516384,-0.21303248,9.632029,9.773376,0,0
3500,0.3370318,-0.0051382906,0,0.34705126,-0.14327364,0.22408795,0.1,0,0,0,0,0,1,0,0,0,0.97499716,0,0,0.22221722,0.020927114,0.13690807,-0.22408797,11.2636,11.387422,0,0
3599,0.3370318,-0.0051382906,0,0.35384104,-0.1471732,0.2550788,0.1,0,0,0,0,0,1,0,0,0,0.96764344,0,0,0.25232166,0.019573145,0.14168048,-0.25507882,10.903815,10.9783,0,0
3700,0.35703182,-0.0051382906,0,0.37053692,-0.15438174,0.25751615,0.1,0,0,0,0,0,1,0,0,0,0.9670255,0,0,0.25467938,0.02494945,0.14776169,-0.25751615,12.2322645,12.330279,0,0
3800,0.3670318,-0.0051382906,0,0.39054984,-0.16232875,0.20780516,0.1,0,0,0,0,0,1,0,0,0,0.9784861,0,0,0.20631278,0.009418337,0.15866075,-0.20780516,8.336928,8.603316,0,0
3899,0.3670318,-0.0051382906,0,0.40634298,-0.17033778,0.22514582,0.1,0,0,0,0,0,1,0,0,0,0.97476155,0,0,0.2232485,-0.0014384799,0.16980627,-0.22514582,5.5930204,5.8722587,0,0
4000,0.38703182,-0.0051382906,0,0.42218244,-0.17656787,0.18534493,0.1,0,0,0,0,0,1,0,0,0,0.9828727,0,0,0.18428557,-0.0029565878,0.17497121,-0.18534493,5.2050443,5.602571,0,0
